communication,tracktotrack,tracker,yolo,downscaling,undistortion,preprocess
26474626, 26382755, 26356625, 26302495, 4082814, 2451018, 894223
26959587, 26896817, 26872517, 26826586, 4889526, 2226247, 477452
27689959, 27619749, 27596109, 27548089, 5214297, 2563239, 285121
31969853, 31908613, 31886153, 31827923, 9581291, 6909262, 224471
27321448, 27256357, 27234357, 27188047, 4776515, 2122687, 270301
26849537, 26786297, 26762607, 26712906, 4734016, 2058517, 246370
27167217, 27106597, 27084197, 27037147, 4756915, 2078836, 265331
27376658, 27307978, 27283818, 27232678, 4739825, 2085307, 207041
25971064, 25877334, 25851353, 25797793, 3427041, 1831816, 641192
26355514, 26273844, 26250424, 26197884, 3724442, 1976606, 338191
26408635, 26348285, 26327625, 26284665, 4757275, 2092177, 306611
26932657, 26869847, 26847887, 26802387, 5106467, 2425968, 315781
27204417, 27137877, 27116697, 27067367, 4759995, 2067897, 239681
27365758, 27305108, 27283648, 27237418, 5217507, 2539178, 235970
26785717, 26724907, 26704107, 26657767, 4640486, 1986497, 237501
27280417, 27224537, 27204137, 27161957, 5279806, 2586488, 238571
27154937, 27091737, 27068447, 27024327, 4850545, 2176677, 386611
26765906, 26679596, 26653406, 26600176, 3926913, 2303548, 487282
27233447, 27163247, 27139097, 27083067, 4885325, 2227877, 406341
26384995, 26320285, 26297755, 26250295, 4712466, 2079367, 250121
26728556, 26670256, 26649326, 26605616, 4507165, 1841446, 267311
27160239, 27104038, 27082468, 27041428, 4646086, 1947807, 328542
27317339, 27252399, 27230319, 27186508, 4777036, 2122217, 379002
26770546, 26702645, 26681305, 26636445, 4681124, 2013356, 385751
27132687, 27072756, 27052226, 27007466, 4543154, 1887495, 244890
26911736, 26838176, 26814606, 26769956, 4823735, 2141987, 421461
25888314, 25807593, 25781283, 25727123, 3625692, 1991367, 488072
27356198, 27293588, 27269878, 27224328, 5204027, 2494958, 241811
27389459, 27328349, 27305659, 27262388, 5238638, 2555599, 288131
26771016, 26712996, 26691746, 26646666, 4678605, 1995917, 234851
27129888, 27069328, 27047448, 27003058, 4493825, 1844786, 345071
27136267, 27073437, 27050237, 27006517, 4777235, 2117607, 385831
26730847, 26665947, 26642747, 26596717, 4624066, 1967097, 277711
28191421, 28133861, 28110871, 28066491, 5966000, 2065867, 245991
27958740, 27889330, 27865450, 27819700, 6122330, 2168807, 432041
25863583, 25791942, 25765102, 25718402, 3530241, 1921976, 611972
27305848, 27240248, 27216828, 27170888, 5218137, 2549909, 247961
26258754, 26195054, 26172054, 26127813, 4112143, 2044356, 244530
27824640, 27758990, 27731110, 27680809, 5958159, 2018657, 227781
28169111, 28107881, 28084311, 28035991, 6011050, 2083897, 264241
27942491, 27878881, 27856340, 27812650, 6043980, 2130788, 287481
27774220, 27716350, 27694350, 27648649, 6016590, 2077437, 254790
28170960, 28103510, 28079900, 28031110, 5991058, 2105206, 302560
27142247, 27066617, 27039737, 26987426, 5516048, 2246447, 507902
25909223, 25829643, 25800143, 25748833, 3890703, 2274197, 1018253
28240611, 28184171, 28159991, 28115351, 6242631, 2353648, 231340
27023987, 26956847, 26927107, 26880687, 5210267, 2534808, 241621
26766116, 26701426, 26677106, 26630246, 4685835, 2022467, 271601
26179685, 26118144, 26093944, 26047814, 3977513, 1972457, 226481
26971047, 26913407, 26892557, 26849596, 5399947, 3378471, 260821
26716646, 26660205, 26637135, 26593895, 4605604, 2571418, 283051
27050388, 26990798, 26967188, 26922448, 4661626, 1964407, 264651
26287255, 26215274, 26184074, 26129774, 3724862, 2421718, 447622
25876723, 25803162, 25770162, 25709402, 3131959, 1831925, 430711
27226999, 27136038, 27096308, 27031418, 4645756, 2612909, 340512
26911237, 26823676, 26775126, 26711356, 4597535, 2608209, 273341
26819096, 26736996, 26698796, 26638296, 4723945, 2709059, 424591
27270158, 27180658, 27142918, 27081927, 4600985, 2608139, 278631
26380195, 26296585, 26259595, 26201965, 4670705, 2672009, 385181
26767756, 26683296, 26646536, 26588385, 4625795, 2614259, 365691
26308804, 26227034, 26191604, 26136154, 4092193, 2107207, 382181
25340912, 25255201, 25216761, 25161971, 2873919, 1848306, 274731
24934000, 24866540, 24835010, 24781949, 3019249, 1971126, 299481
28130230, 28039870, 28001680, 27939920, 5801109, 1952376, 231871
26379294, 26288264, 26249944, 26188774, 4629894, 2638848, 277900
26757407, 26667587, 26630486, 26572036, 4749336, 2102897, 322531
27244567, 27150787, 27113197, 27055267, 4730535, 2081377, 246230
26321555, 26237075, 26202415, 26142134, 4511465, 2700549, 301621
25922583, 25827243, 25793293, 25744253, 3938263, 2002787, 276811
26216354, 26123554, 26085014, 26024054, 3904372, 1837006, 295171
25213451, 25134701, 25101271, 25044641, 2915849, 1736086, 452732
24842160, 24783460, 24753530, 24699790, 2676579, 1501165, 267311
26218084, 26121324, 26082494, 26021253, 3921032, 1966906, 245950
26905106, 26816155, 26771295, 26715125, 4479304, 2732218, 368021
26710686, 26628436, 26593266, 26537736, 4366705, 2618899, 378512
27070807, 26987857, 26952767, 26876167, 4270994, 2623919, 352721
26944446, 26852636, 26815396, 26750336, 4490194, 2739489, 435961
26760456, 26672036, 26629096, 26569886, 4438755, 2750069, 446611
29124063, 29067773, 29038913, 28987233, 6551460, 2511858, 237880
25411002, 25328152, 25296112, 25246771, 3250611, 2270718, 459312
26644015, 26542025, 26505045, 26463665, 4213543, 2333707, 382231
27031527, 26905346, 26871936, 26832356, 4213603, 2529028, 226130
26324435, 26200594, 26167634, 26126814, 4347644, 2608158, 269821
26550445, 26471635, 26446755, 26404745, 3935852, 1990626, 287551
26234674, 26107654, 26072914, 26030494, 3845092, 1957706, 240081
26258384, 26135824, 26101624, 26049824, 3888912, 1942566, 220830
26580496, 26458705, 26424245, 26372145, 3915453, 1973386, 258401
27080157, 26987907, 26955947, 26911087, 4174234, 1924537, 235301
25195321, 25114400, 25080400, 25032770, 2797039, 1636715, 297961
26657465, 26581875, 26548715, 26505295, 4090243, 1849716, 272551
27109987, 26996367, 26961717, 26909857, 4503304, 1847506, 247931
27159008, 27045407, 27010677, 26956487, 4498275, 1865806, 254601
26835187, 26711946, 26676166, 26621686, 4684516, 2033827, 310721
27088938, 26979148, 26945727, 26905087, 4604176, 1954017, 250391
26825947, 26711736, 26679176, 26627536, 4654025, 2010077, 257361
26746406, 26633145, 26598725, 26548005, 4421644, 2660458, 368751
26137244, 26049484, 26017554, 25975854, 3798812, 2231597, 381831
25251831, 25165391, 25131821, 25085241, 2879810, 1602175, 293311
26707636, 26613956, 26584126, 26530426, 4080413, 1804396, 267631
27029697, 26902997, 26868977, 26816957, 4116064, 1867226, 222581
26186265, 26063604, 26028444, 25975334, 3905773, 1927027, 240651
26654086, 26534475, 26500425, 26446365, 3916753, 2006676, 271951
26177875, 26054085, 26019914, 25965304, 3777723, 1854396, 265741
26210064, 26088664, 26056694, 26005814, 3924643, 1983676, 258671
26596445, 26476205, 26443225, 26390745, 3799462, 1866006, 240471
24537289, 24450419, 24416949, 24363609, 2598629, 1376045, 252491
25696542, 25599312, 25566032, 25517202, 3357301, 2249237, 593562
26679165, 26551094, 26515934, 26464574, 4195532, 2217457, 436171
27070917, 26950737, 26918857, 26864296, 4452954, 2796389, 416622
26778076, 26660326, 26628526, 26576446, 4377294, 2634899, 333261
26680485, 26559405, 26524085, 26470435, 4414524, 2681408, 393091
26949916, 26829896, 26799116, 26745496, 3921423, 2025117, 346911
26840746, 26721576, 26689576, 26635515, 4394494, 2639518, 304111
26656206, 26566585, 26538695, 26483005, 4311064, 2568948, 289901
26094294, 25991174, 25957464, 25899604, 3422521, 2297308, 711313
25117641, 25029890, 24999220, 24955290, 2986710, 1942266, 274681
26652546, 26568766, 26535226, 26482775, 4275434, 2508178, 308121
27887880, 27803930, 27769790, 27729790, 5334198, 2631089, 323481
27775089, 27669409, 27637069, 27579219, 5340467, 2632079, 310431
26630046, 26520586, 26487036, 26433476, 4127544, 2176488, 405132
26952107, 26842667, 26809857, 26757676, 3967173, 2030996, 328081
26768576, 26657516, 26623376, 26562585, 4280644, 2053877, 327091
26619645, 26516285, 26481425, 26426085, 4015993, 2045146, 323001
26031654, 25944643, 25914353, 25866883, 3036760, 2134697, 418592
25221971, 25132031, 25095581, 25040191, 3267591, 2301318, 265471
26527056, 26414996, 26381016, 26329156, 3713402, 2065887, 273651
27049878, 26940467, 26906737, 26853557, 4285935, 2561819, 237051
26182964, 26075703, 26043273, 25989463, 3942202, 2019866, 283821
26665315, 26550895, 26517705, 26461095, 4023423, 2123167, 245521
26938967, 26827377, 26793947, 26741507, 4140574, 2409538, 239681
26773056, 26659616, 26627096, 26574356, 4284444, 2572458, 260261
26650565, 26570615, 26537625, 26482505, 4378104, 2044906, 239131
24919200, 24828440, 24796720, 24743310, 3188881, 2277768, 330031
26758816, 26660706, 26625986, 26579285, 4501824, 2517988, 252151
26535905, 26459415, 26427605, 26381214, 3987892, 2013036, 263121
26941057, 26832267, 26800937, 26755797, 4428685, 2676639, 405752
26098434, 25968534, 25929944, 25871203, 3760062, 1877706, 300841
26634455, 26495485, 26461865, 26414894, 4010653, 2118276, 289521
26883457, 26749497, 26718257, 26670946, 3913483, 1992267, 294241
26132085, 25998204, 25967584, 25923554, 4009453, 2067257, 273800
26640207, 26564747, 26528427, 26464086, 3958413, 2049117, 242221
25994073, 25903343, 25868873, 25814243, 3337880, 2213657, 463021
26855706, 26744416, 26709736, 26656415, 4886845, 2204987, 290891
27507808, 27396807, 27366337, 27317547, 4729385, 2033966, 247740
26985526, 26874796, 26847446, 26796746, 4603904, 1915296, 268481
27735629, 27626209, 27600439, 27549739, 5402657, 2698849, 375631
28444791, 28334911, 28310381, 28257260, 6117079, 3387160, 321181
27839420, 27725370, 27698479, 27643869, 4807146, 2118397, 399471
26819936, 26710516, 26685316, 26634276, 4943986, 2231107, 439452
25501922, 25409031, 25381091, 25327141, 2987149, 1392114, 299231
26061784, 25982574, 25957364, 25891814, 3915913, 2170128, 600772
28117930, 28013180, 27987369, 27925979, 6054969, 2223567, 369151
26650995, 26551535, 26525065, 26467125, 4388634, 2638578, 306351
29840895, 29745935, 29719865, 29667315, 4435974, 2669568, 425491
26141495, 26031064, 26007574, 25958384, 4318504, 2586578, 290021
26555765, 26428145, 26405295, 26348294, 4032163, 2092597, 299671
26910796, 26782316, 26759896, 26709815, 4237373, 2120567, 322061
27632429, 27506578, 27483948, 27428618, 5388447, 2662409, 347371
25674013, 25522172, 25495772, 25434132, 2989540, 1838486, 269451
25959894, 25876583, 25849943, 25789113, 3317691, 2301298, 452782
26651115, 26570425, 26545775, 26487475, 4284013, 2710038, 349481
26642684, 26561954, 26538704, 26484564, 4716314, 2041216, 306331
27019886, 26936085, 26909385, 26856485, 4882605, 2182966, 505001
26779357, 26693627, 26671077, 26619726, 4890016, 2199447, 439441
26616245, 26530465, 26508835, 26457404, 4775875, 2098946, 292531
27009677, 26898686, 26877206, 26828116, 4848145, 2144257, 328051
27640339, 27550589, 27528759, 27476958, 5354157, 2640028, 298901
25649772, 25561422, 25534692, 25479091, 3405741, 2279597, 692642
24836519, 24715789, 24693559, 24630029, 2864119, 1972096, 407851
26654526, 26577276, 26555556, 26502206, 4329744, 2562968, 436052
26520346, 26428726, 26405906, 26344736, 4214785, 2434719, 272921
26858357, 26744327, 26721397, 26668786, 3911573, 1968207, 266591
26066563, 25952142, 25927852, 25869832, 3929112, 1985325, 280830
26447495, 26333395, 26310875, 26259975, 3959243, 2016097, 272131
26089564, 25960814, 25938104, 25878644, 3739223, 1808636, 233861
26083523, 25951273, 25928673, 25872632, 3917052, 1988936, 269900
25405911, 25317881, 25292941, 25233851, 2845479, 1780915, 310981
24668309, 24543118, 24519148, 24465208, 2698308, 1575895, 274040
26122954, 26009404, 25985754, 25925634, 4293854, 2070737, 248211
26556196, 26441536, 26412645, 26357015, 4154374, 1984427, 266931
26847117, 26733046, 26709796, 26652296, 4212144, 1991007, 277561
25927823, 25837453, 25815473, 25758113, 3424431, 1525515, 232681
26280316, 26163506, 26141376, 26087526, 3350902, 1511965, 225501
26830717, 26718766, 26695586, 26639806, 3965403, 2102137, 273471
26054235, 25981305, 25955435, 25895505, 3822933, 1913887, 257391
25470251, 25371071, 25345821, 25285931, 2887419, 1701355, 278870
25957243, 25840992, 25815992, 25761072, 3716781, 1823525, 262260
26045604, 25932024, 25908133, 25850003, 3935893, 2067707, 262961
26381224, 26268373, 26244733, 26189563, 3948792, 2020816, 260380
26760196, 26644365, 26620885, 26566215, 3987762, 1807366, 234831
26018414, 25905764, 25882684, 25824784, 3931153, 2076237, 248551
26401244, 26288264, 26265634, 26215034, 3914162, 2006016, 288401
26787846, 26675555, 26651995, 26595665, 3902923, 2058177, 235671
26664076, 26577125, 26550835, 26486345, 4136513, 1956336, 277001
26433295, 26335535, 26309965, 26244964, 3907133, 2414248, 692232
26937137, 26830087, 26804967, 26752487, 4499315, 2203917, 549021
26594785, 26513075, 26489815, 26437055, 4431774, 1778986, 321191
27422527, 27314217, 27291287, 27241807, 5328797, 3139299, 233510
26851237, 26721716, 26699856, 26647376, 4270204, 2045766, 285610
26667157, 26540336, 26517746, 26467086, 4222694, 2505359, 237681
26393473, 26257763, 26235913, 26180513, 3947282, 1931066, 211771
26818286, 26685955, 26663835, 26612345, 4219493, 2009036, 269901
25072020, 24973079, 24946139, 24874619, 2919109, 1946906, 262170
25536951, 25451441, 25424221, 25355081, 3254600, 2223107, 528471
26919187, 26810176, 26786126, 26725966, 4465804, 2739509, 420942
26570056, 26465745, 26440025, 26384975, 4162014, 2076817, 288721
26462686, 26330526, 26305716, 26246705, 4073464, 2124108, 317032
26875846, 26744396, 26719216, 26656516, 4242854, 2457458, 319011
26645966, 26514586, 26490075, 26428235, 4034273, 2150617, 375301
27288228, 27155717, 27130607, 27074487, 4439594, 2696959, 373231
26796057, 26662096, 26637566, 26583706, 4002934, 2027247, 324011
25202441, 25087921, 25057420, 24986730, 3205190, 2096087, 709402
25592142, 25479421, 25448651, 25372551, 3236820, 2173377, 433311
27672159, 27549409, 27521789, 27459198, 4647615, 1991827, 352501
27566369, 27451309, 27424259, 27364059, 5054787, 3021580, 358561
26416266, 26300616, 26274666, 26216185, 4102294, 2080057, 319371
26799935, 26687695, 26661115, 26597324, 3950641, 1985726, 307531
26620815, 26509485, 26481835, 26422104, 4151763, 2232457, 427291
26427544, 26322514, 26297464, 26238724, 4027792, 2036576, 296130
26745396, 26637565, 26608535, 26548305, 3929483, 1936666, 289101
24929510, 24811549, 24785459, 24728689, 2793479, 1634745, 366131
26444065, 26337865, 26306005, 26240465, 3808183, 1888147, 417192
26697587, 26597266, 26573296, 26512726, 4210784, 2075787, 358111
26466745, 26409465, 26386665, 26331835, 4255824, 2566589, 307361
27069337, 27007147, 26984907, 26933687, 4290034, 2589579, 270321
26637606, 26542575, 26520585, 26466535, 3849012, 1877606, 235671
25682302, 25583352, 25561612, 25507902, 3246191, 1353684, 333741
25349682, 25249332, 25224572, 25172422, 3520702, 1830807, 273991
31272911, 31181570, 26389515, 26334045, 3611392, 1902327, 293401
25883293, 25809783, 25782303, 25718963, 3610062, 1885366, 499982
25328671, 25233741, 25207901, 25142601, 3310951, 2098777, 353011
26754537, 26655626, 26632556, 26573546, 4614215, 1956116, 274551
26417774, 26320214, 26295524, 26237834, 4340763, 2626898, 306330
26207105, 26133804, 26110894, 26052094, 3995353, 2430188, 371511
26599865, 26503424, 26479944, 26427344, 3938062, 1947376, 313321
26400745, 26302674, 26279184, 26225674, 4085863, 2164197, 358011
26346334, 26251114, 26228864, 26175834, 4321053, 2585168, 279881
26777095, 26702815, 26676165, 26614345, 4462644, 2731628, 378281
24874910, 24797350, 24771340, 24705099, 2858659, 1726556, 310341
26301454, 26198954, 26174974, 26112244, 4068043, 2153647, 258331
26594725, 26498515, 26476805, 26416174, 3817522, 1872766, 225641
26512385, 26417674, 26377714, 26330024, 3145570, 2052376, 467461
34903123, 34836432, 34813292, 34765462, 3600202, 1953157, 549482
44506643, 44444343, 44423853, 44385813, 3143540, 1832326, 237251
55825779, 55680989, 55659199, 55616599, 3306631, 1939426, 317141
65967081, 65904001, 65880371, 65841021, 3187640, 1868016, 241940
31151410, 31095920, 31072590, 31033410, 4065783, 2699359, 357411
27110557, 27024197, 26998117, 26954417, 5040587, 2349247, 247780
26549446, 26473245, 26448815, 26400835, 4730546, 2034596, 250720
26848216, 26739536, 26715636, 26667726, 4547545, 1890136, 263911
27130247, 27021756, 26999416, 26950686, 5185887, 2503828, 256381
26497246, 26387825, 26363855, 26314235, 4763796, 2098717, 311931
26930276, 26808086, 26779596, 26730996, 4769885, 2080246, 388851
26962018, 26854258, 26829728, 26782267, 4913057, 2258108, 450162
26012423, 25899633, 25871863, 25817293, 3664942, 1940976, 754542
26071884, 25982753, 25954953, 25901323, 4128803, 2088687, 563362
26385535, 26273525, 26246115, 26198634, 4718686, 2079157, 259831
26589227, 26486117, 26462047, 26416206, 4973527, 2333638, 400232
26141574, 26041613, 26016073, 25967933, 4227383, 2244227, 419581
25889802, 25802032, 25777032, 25730862, 3994202, 2105976, 345261
26346044, 26246284, 26219104, 26170253, 4089393, 2150156, 280961
25878873, 25757192, 25731452, 25685482, 3507161, 1842586, 285681
26360065, 26286215, 26259175, 26207184, 4591555, 1818656, 266881
26627495, 26541835, 26511555, 26452055, 4802025, 2203897, 538972
25142330, 25062050, 25031740, 24972320, 3198880, 1999866, 686302
25966454, 25861753, 25836853, 25785783, 4250144, 2498768, 338531
26391613, 26286043, 26259773, 26207892, 4388532, 2712097, 421891
26024684, 25922053, 25895603, 25843863, 4011253, 2085887, 334431
25985674, 25883843, 25859583, 25804023, 4332094, 2638899, 315941
26476383, 26365473, 26337553, 26284953, 4399613, 2651727, 335511
26053083, 25948363, 25921533, 25869843, 3967823, 2012346, 325341
27216487, 27104436, 27073056, 27017966, 5740888, 4059043, 359631
25681783, 25590002, 25561442, 25454352, 3488272, 2348328, 916863
25939153, 25872513, 25848243, 25788193, 3905183, 1966477, 270271
26926007, 26867337, 26842927, 26795726, 5078197, 3081970, 365482
25600982, 25531172, 25505582, 25453362, 4139174, 2333568, 349332
25922623, 25859593, 25836953, 25788283, 4167734, 2217468, 343211
25814503, 25753243, 25727933, 25676673, 4276424, 2151907, 311511
26322184, 26263494, 26239754, 26193424, 4446914, 2706259, 368461
25892743, 25825453, 25801522, 25744652, 3751202, 2023806, 411541
25265041, 25197251, 25172341, 25113520, 3798742, 2187797, 369151
25566742, 25503672, 25477912, 25426732, 3687792, 2342407, 717502
25972123, 25907273, 25879673, 25824163, 4205623, 2186237, 374631
25750452, 25696802, 25673862, 25625582, 4255943, 2279717, 532602
25534674, 25480684, 25454094, 25398993, 4042074, 2085807, 445051
26703506, 26648196, 26625346, 26577885, 4445974, 2705959, 382101
25788123, 25730993, 25706072, 25656722, 4284494, 2519828, 271101
26326044, 26270734, 26244994, 26196904, 4524964, 2806489, 358261
25938673, 25884753, 25863643, 25805123, 4259764, 2329048, 448072
25782452, 25722122, 25695792, 25645642, 4085683, 2169507, 364931
25411761, 25345501, 25319581, 25266150, 3374451, 2322827, 751092
26939426, 26881016, 26857676, 26810716, 4815566, 2219717, 445922
26878195, 26820935, 26796635, 26746275, 4843715, 2198736, 300751
32091023, 32036773, 27203877, 27154147, 5358177, 2665118, 407701
26758696, 26693066, 26671345, 26625345, 4643685, 2626778, 303691
26834605, 26780855, 26759915, 26714285, 4754025, 2099506, 308421
26183344, 26128214, 26106914, 26061044, 3827723, 1843646, 417611
26678887, 26622646, 26601316, 26552796, 4200424, 2198237, 423302
25066910, 25008560, 24983340, 24930409, 3550831, 2336977, 717542
25467062, 25399972, 25375852, 25311831, 3791623, 2123777, 774753
25844412, 25790142, 25766822, 25718202, 4270494, 2546288, 233020
25690202, 25635642, 25614312, 25569252, 4273543, 2439107, 291331
26131493, 26079313, 26055083, 26009793, 4051202, 2152746, 312731
26725276, 26665075, 26639495, 26592165, 4438084, 2680068, 381201
25747682, 25692882, 25669802, 25624752, 4389204, 2630168, 348091
26182564, 26132024, 26108634, 26064794, 4403224, 2676589, 399321
26778326, 26718096, 26691586, 26637875, 4916046, 3098640, 332141
25628232, 25556202, 25529102, 25477082, 3628962, 1918357, 291611
24533379, 24469148, 24442468, 24387818, 3011230, 2008427, 320691
25790672, 25735872, 25712012, 25657082, 4060733, 2157437, 310941
26198484, 26141084, 26115324, 26067364, 4409454, 2151347, 278171
25419352, 25360142, 25335762, 25290192, 3972214, 2003107, 256041
27566177, 27512457, 27488447, 27443177, 5519966, 3248859, 294631
25706742, 25653851, 25630181, 25585181, 4046182, 2100256, 329031
26761085, 26699835, 26675315, 26626215, 3629091, 1933616, 263820
25740784, 25675753, 25651613, 25604843, 3854303, 1885017, 225431
25577602, 25506921, 25480521, 25436261, 3539041, 1813946, 260510
25440751, 25377131, 25351741, 25303990, 3985912, 2037646, 448161
25788132, 25732722, 25706822, 25653512, 4175693, 2030166, 324891
26797606, 26741206, 26716256, 26672986, 5197537, 3085680, 393072
26286495, 26226924, 26203664, 26154884, 4227544, 2095287, 263881
26670147, 26600516, 26574896, 26527516, 4352815, 2610419, 274811
26140414, 26074523, 26050493, 26005893, 4442654, 2509428, 240041
26290065, 26231975, 26208655, 26167115, 4351365, 2604849, 319711
26650385, 26580525, 26552945, 26497485, 4149103, 2230947, 368311
25771423, 25692272, 25663932, 25619282, 4085663, 2644168, 481452
26155744, 26097304, 26072014, 26030774, 3885503, 1925937, 354621
26893217, 26834537, 26810487, 26769367, 5244958, 2551689, 260501
26818156, 26757635, 26735155, 26695195, 4767335, 2124267, 326311
27253377, 27186627, 27164007, 27121597, 5302257, 2618839, 313391
26793275, 26727875, 26703835, 26662605, 4711475, 2047766, 269741
26857986, 26793166, 26766545, 26722445, 4712545, 2067716, 248941
26367804, 26304804, 26280624, 26230954, 4654345, 1982076, 281621
26614726, 26543186, 26514626, 26458786, 4208824, 2057807, 277031
24863650, 24793459, 24769689, 24723989, 3004040, 1930736, 471942
27110997, 27052087, 27024907, 26972236, 5079236, 2429998, 244441
26726316, 26666286, 26637946, 26575976, 4609425, 2569408, 244221
26031493, 25969403, 25940063, 25881923, 4235094, 2085387, 246381
26354724, 26293954, 26265924, 26212164, 4734455, 2045056, 277960
26664485, 26603474, 26576404, 26516164, 4692144, 2019736, 287561
26690866, 26629306, 26603366, 26551846, 4625725, 2594359, 273691
26268663, 26200083, 26172633, 26117623, 4477733, 2485488, 270651
27604498, 27539418, 27507088, 27458868, 5564067, 3824262, 261061
25005630, 24934180, 24898770, 24850270, 3487271, 2291067, 951363
26207065, 26149375, 26122205, 26080265, 4082734, 1889567, 354552
25855812, 25799632, 25773762, 25720302, 4029303, 2046506, 308501
25648402, 25587972, 25562142, 25520362, 4012133, 2075737, 307511
25506402, 25452062, 25425142, 25373161, 4000303, 2021907, 322211
26639155, 26560685, 26532055, 26474955, 4419064, 2407428, 309261
26704966, 26647486, 26622955, 26582825, 4345344, 2623609, 333781
26226625, 26157765, 26132265, 26088725, 4440325, 2707660, 480092
24949440, 24856340, 24826570, 24774480, 3030880, 2056587, 377371
25018920, 24940079, 24914439, 24860289, 3033429, 1937276, 283890
26172323, 26104913, 26083813, 26047313, 4259083, 2515607, 345061
26581875, 26519005, 26496095, 26447755, 4357984, 2561708, 247941
25700262, 25630652, 25605672, 25551682, 4140924, 2225857, 408331
26096273, 26033183, 26007883, 25953513, 3944023, 2059416, 263351
27524328, 27457358, 27433878, 27380998, 5355997, 2671579, 334631
26073874, 26007423, 25983073, 25928903, 4546245, 2536698, 272851
27183419, 27114419, 27090848, 27038258, 5279298, 2604479, 345021
26168614, 26078104, 26047944, 25991523, 3323861, 2294358, 592732
25481692, 25402811, 25376631, 25327671, 3770862, 2141897, 396321
25439641, 25370881, 25347981, 25299591, 3852172, 1962746, 241591
26435695, 26349664, 26318614, 26266884, 3888373, 2099247, 263131
26600545, 26507285, 26473374, 26418194, 4586835, 2632038, 251210
26027493, 25938513, 25906213, 25853292, 3804672, 1837546, 262241
26576006, 26460225, 26399005, 26343765, 4277854, 2061137, 301521
25559422, 25454952, 25395792, 25337171, 4018013, 1983257, 265631
26225294, 26099773, 26040393, 25983713, 4332283, 2088046, 535571
24818230, 24720669, 24685369, 24630999, 2756639, 1566875, 271651
24566908, 24483908, 24449868, 24393368, 2695619, 1571855, 284341
25241232, 25132411, 25092141, 25032851, 3406941, 1581186, 243051
25681763, 25581453, 25540303, 25480992, 3957373, 1956867, 251141
25796373, 25729153, 25703222, 25660532, 4147124, 1939136, 249771
26087643, 25991023, 25951432, 25890822, 3986862, 2128616, 346481
26518314, 26391854, 26352074, 26297913, 4334163, 2573998, 254971
26557075, 26438064, 26398574, 26344734, 4212133, 2518058, 254611
26051513, 25940303, 25901913, 25849303, 3916472, 2060977, 319581
26663436, 26563415, 26523305, 26469235, 4010673, 2552638, 440452
25495401, 25389801, 25350301, 25289741, 3656642, 2067786, 409791
26921936, 26806586, 26769026, 26715385, 4859796, 2225197, 267331
26530455, 26430954, 26381574, 26329514, 4355604, 2382468, 267830
26724285, 26610235, 26572595, 26517395, 4633435, 1985466, 274421
26175024, 26050324, 26014614, 25960713, 4465015, 1818936, 273041
26567175, 26452934, 26413204, 26351894, 4628675, 1977746, 271651
26677485, 26561225, 26522285, 26468534, 5170836, 2530768, 279071
26113453, 25999273, 25960573, 25913263, 4112323, 2389117, 320551
25472852, 25386511, 25347591, 25302581, 3198960, 2003447, 266181
25354581, 25224500, 25184980, 25145210, 3556161, 1861955, 275111
26091264, 25959383, 25920783, 25867093, 4016453, 2130467, 346281
26549295, 26430164, 26395554, 26339924, 4445964, 2737608, 403261
25936463, 25818113, 25783583, 25733543, 3992513, 2036907, 323841
26060884, 25941173, 25905223, 25854473, 3968003, 2045617, 475252
25635561, 25514591, 25479301, 25430970, 4014802, 2060996, 310721
25804702, 25687052, 25650112, 25598201, 4072463, 2112386, 407461
26170943, 26097833, 26070573, 26018943, 4268023, 2525178, 264510
24837809, 24756859, 24727359, 24670439, 2954179, 1817036, 289451
26658356, 26560515, 26533495, 26486775, 4819576, 2135677, 277991
26891035, 26800605, 26777125, 26736505, 4690074, 2001306, 268481
26348724, 26217754, 26192404, 26151174, 4414934, 2651209, 307511
25495892, 25380481, 25358151, 25318821, 4290694, 2576648, 302211
25087150, 24958990, 24937450, 24899520, 3034770, 1410054, 230200
26303554, 26181513, 26158863, 26117113, 3922902, 2048056, 312581
25399951, 25286091, 25264851, 25225160, 3920382, 2029906, 289601
26134894, 26055363, 26018603, 25953123, 3785552, 1691606, 268061
25548732, 25453812, 25411302, 25347142, 3166791, 2116817, 500562
26634496, 26548486, 26510225, 26448395, 4624506, 1973317, 238771
26289503, 26198363, 26142612, 26082252, 4587073, 1944455, 228100
26581675, 26492614, 26438614, 26379704, 4603524, 1960286, 270601
26655725, 26559705, 26504904, 26446834, 4492724, 2511148, 375871
26316153, 26234843, 26180512, 26114702, 4638133, 2637428, 308761
26619146, 26546036, 26508456, 26459296, 4962307, 2295198, 493342
26785216, 26700505, 26646795, 26580105, 5156126, 2489948, 237241
25389781, 25301741, 25269460, 25215810, 3511061, 2157096, 417301
25539552, 25445432, 25412442, 25348042, 3286901, 2277458, 462452
25669532, 25571091, 25511821, 25438341, 4289953, 2569068, 292841
26289913, 26198183, 26142162, 26070282, 4347013, 2581137, 305301
26594325, 26511455, 26457245, 26391495, 4444374, 2722509, 408881
26339034, 26250194, 26195804, 26127344, 4234913, 2506448, 256331
28676581, 28593221, 28534041, 28465700, 6679621, 2584268, 299731
26472975, 26386674, 26332044, 26253604, 4333824, 2628218, 320811
26357955, 26271694, 26206614, 26130374, 4245124, 2480138, 242610
25179221, 25094670, 25053790, 24982630, 2919210, 1779946, 397761
25640712, 25549951, 25513681, 25446131, 3469031, 2258807, 387471
25659612, 25576072, 25508172, 25433652, 4036493, 2063837, 281751
27233117, 27139587, 27083356, 27009156, 5250226, 2585568, 299101
27508497, 27432577, 27394927, 27332307, 5268316, 2621748, 294511
26645346, 26556995, 26502825, 26428415, 4642115, 2015567, 250651
27227839, 27135119, 27082789, 27015028, 5164517, 2532158, 271291
25626032, 25543991, 25489711, 25421221, 3931872, 2000416, 298061
25538191, 25443371, 25388011, 25315431, 4246944, 2549038, 219371
25126380, 25042970, 25011940, 24938879, 2823129, 1673035, 433531
26370455, 26297284, 26269394, 26196664, 4254414, 2339678, 462342
25413472, 25339142, 25303272, 25230232, 3889593, 1895597, 226641
25983545, 25892445, 25836014, 25762864, 3742513, 1797846, 256301
26388805, 26309595, 26256125, 26184154, 4141904, 1950807, 254521
25433771, 25357461, 25302981, 25234100, 4071983, 2126177, 308431
26086513, 26010563, 25957253, 25885152, 4386784, 2641258, 334381
26517165, 26440455, 26386245, 26303564, 4427904, 2399588, 292141
25398871, 25331141, 25299461, 25244590, 3997353, 2029966, 252751
24209107, 24141167, 24105527, 24032727, 2586768, 1650515, 236231
25574812, 25500532, 25454731, 25373211, 3782962, 1793346, 241081
25433812, 25359671, 25323081, 25244561, 3953903, 2036557, 218541
26767346, 26693645, 26656145, 26587645, 4388624, 2639299, 239421
26351055, 26276455, 26240375, 26160425, 3951704, 2066697, 293841
25357821, 25280571, 25243371, 25174350, 3668352, 1875946, 293921
25931603, 25855583, 25820803, 25752353, 4165153, 2274507, 404651
26283024, 26202094, 26165144, 26089113, 3954713, 2049256, 300151
27822168, 27740758, 27706668, 27642818, 5595767, 3292230, 257560
25115461, 25041960, 25005810, 24940450, 3111320, 2045557, 401392
26368475, 26292065, 26248944, 26161724, 4301874, 2561729, 346661
26457265, 26386854, 26349814, 26274554, 4424184, 2666909, 347771
25991883, 25920533, 25886892, 25815632, 4331483, 2586738, 315871
26330084, 26254143, 26196233, 26116843, 3975342, 2030726, 290951
26536275, 26452864, 26396174, 26324694, 4465974, 2850629, 267001
25974034, 25897554, 25843404, 25773043, 3992693, 2096767, 276741
26436165, 26375695, 26330795, 26270555, 4683705, 2623929, 312371
25581682, 25507072, 25472872, 25398571, 4154884, 2196357, 306501
25954842, 25864432, 25829512, 25756202, 3554611, 2226647, 627031
26242985, 26170085, 26133905, 26060944, 3936283, 1960447, 381802
25445421, 25367961, 25309691, 25230451, 3937062, 1961916, 267691
25978833, 25900463, 25842533, 25768362, 4047423, 2149697, 295421
26328433, 26247723, 26184853, 26104493, 3892322, 2028446, 297951
26148164, 26071624, 26013684, 25939183, 4050063, 2077277, 290411
25904663, 25829702, 25783292, 25690802, 3896202, 1944346, 279181
26384864, 26308063, 26249793, 26175523, 4287983, 2549737, 285061
24594608, 24516998, 24477818, 24412107, 3092969, 2036886, 354751
25138241, 25055191, 25020980, 24951760, 3391681, 2012867, 399142
34188759, 34118729, 34087498, 34020788, 4693625, 2019496, 372131
26537895, 26475364, 26445104, 26374334, 4614215, 1946086, 268181
26785246, 26718825, 26681525, 26616685, 4911006, 2258287, 286301
27271607, 27204857, 27179117, 27128207, 5127137, 2463258, 289641
25341641, 25272011, 25238991, 25163341, 3276381, 1318934, 211081
24979579, 24899669, 24855429, 24775759, 3139370, 1241963, 201670
25595592, 25521601, 25485481, 25411001, 3893902, 1880906, 248971
33353217, 33272276, 33235316, 33168426, 3192840, 1900406, 435801
25020100, 24948010, 24913880, 24841250, 3010619, 1859876, 284551
34262510, 34194540, 34157839, 34083419, 3933123, 1981277, 309811
33696138, 33629357, 33592837, 33521077, 3798242, 1992977, 228481
34411810, 34341120, 34309570, 34238990, 4316804, 2587719, 251861
26362154, 26287764, 26246094, 26161033, 4031702, 2082106, 282961
33348507, 33264677, 33221807, 33127867, 4083144, 2062767, 333632
34739691, 34641251, 34593071, 34492051, 5766079, 1854167, 233191
32676204, 32587234, 32537364, 32441383, 3732082, 2130817, 264751
33127706, 33046945, 33011945, 32936785, 3543001, 2331417, 437131
28527961, 28446601, 28411121, 28334020, 6233540, 2375687, 506352
36108365, 36030945, 35989945, 35920575, 6615671, 2857739, 344221
33551107, 33455286, 33409976, 33300376, 4088653, 2166377, 286551
28399080, 28304049, 28242879, 28148619, 6241369, 2557107, 287271
28336121, 28243200, 28183370, 28088980, 6323920, 2551278, 277451
27781758, 27690028, 27630748, 27537358, 5769808, 1959846, 236020
27929430, 27842859, 27783089, 27681619, 6317181, 2537519, 271161
26411894, 26338774, 26314224, 26262284, 4736435, 2075116, 274811
25489482, 25411862, 25384152, 25313731, 3889703, 2138307, 390612
28624191, 28543791, 28510541, 28448631, 5946409, 2077466, 247870
27351387, 27263507, 27206597, 27139197, 5624558, 1814856, 219411
26577405, 26487635, 26426625, 26337665, 4797436, 2092817, 316421
27911949, 27817268, 27758418, 27670258, 6393700, 2649828, 382631
27436979, 27359559, 27328819, 27269039, 5837620, 2029267, 253941
28672101, 28582751, 28522041, 28433401, 6569461, 2790619, 252610
27780948, 27691128, 27631657, 27525797, 5996178, 2173627, 415021
28219689, 28143239, 28111469, 28049599, 6298119, 2529237, 235810
25360081, 25279971, 25240861, 25181200, 4074773, 1791356, 446671
25789072, 25694512, 25631882, 25547461, 3575761, 1948936, 241291
27322737, 27230237, 27171517, 27087187, 5644078, 1854016, 257241
28624271, 28532521, 28472631, 28388521, 6391760, 2542948, 260681
27936359, 27847209, 27786619, 27702448, 6439330, 2698318, 416131
29194673, 29102903, 29064282, 28986212, 6917282, 3244220, 293971
27880330, 27784270, 27744580, 27669490, 5951440, 2115118, 298171
26776435, 26691715, 26655135, 26575474, 4796315, 2110986, 276981
26286854, 26207224, 26177594, 26117384, 4416304, 1935636, 316161
30338407, 30202457, 30162027, 30104776, 6863932, 3191240, 724422
36934318, 36852648, 36825078, 36772317, 4313384, 2204187, 365101
45928217, 45850406, 45823136, 45774136, 4173803, 2401978, 256961
56051819, 55952929, 55924679, 55874489, 4189204, 2063117, 225281
65227958, 65152238, 65127288, 65085088, 4199563, 2041686, 231551
33135326, 33039226, 33004676, 32959145, 4146873, 1977137, 330231
27064306, 26975895, 26943855, 26887015, 5390406, 2512687, 244520
26049413, 25957833, 25919483, 25855213, 4323654, 2727379, 664662
28311921, 28210040, 28171900, 28103170, 6194570, 2344898, 320041
28709942, 28599711, 28564211, 28505781, 6458891, 2705099, 373631
27797547, 27688707, 27642497, 27586027, 6325539, 2505567, 232991
27523988, 27407137, 27365697, 27286147, 5794218, 1986716, 275670
28675761, 28574991, 28513601, 28434611, 6452460, 2634728, 289431
27826791, 27727510, 27658890, 27579320, 6313562, 2515319, 278361
26312414, 26214403, 26156153, 26075863, 4056303, 2185987, 372561
28630651, 28557371, 28529411, 28471511, 6363650, 2538198, 222021
25054340, 24970390, 24938590, 24881980, 3530821, 1754516, 307541
28300600, 28210440, 28178090, 28128270, 6532591, 2766799, 408881
28659752, 28553311, 28521381, 28473191, 6397091, 2585568, 271151
27695239, 27581719, 27552638, 27505688, 6433811, 2681899, 380942
28127540, 28021000, 27987240, 27929960, 5880439, 2078107, 276991
28607542, 28505631, 28476261, 28426081, 6469361, 2712509, 380131
26830167, 26722057, 26691186, 26643266, 5058737, 3532722, 487262
26322014, 26206784, 26157314, 26105693, 4207063, 2240617, 597792
27846229, 27767358, 27738128, 27683658, 5859218, 2051306, 270610
24218177, 24128697, 24095196, 24037836, 2679658, 1733835, 315511
28207930, 28118020, 28065140, 28011180, 5953029, 2100377, 371271
27728778, 27638348, 27586068, 27528458, 5870449, 2026086, 309401
27641110, 27538889, 27486889, 27432009, 5964190, 2159377, 282751
25471701, 25359611, 25307641, 25257451, 3981353, 1989557, 286301
27777999, 27672728, 27620118, 27568648, 5880069, 2023216, 288421
25905644, 25799893, 25744553, 25690233, 3961234, 1985207, 290361
26273213, 26159413, 26108592, 26045232, 3919692, 2039246, 272930
24299007, 24217627, 24188497, 24136637, 3067150, 1819795, 650202
26060523, 25986102, 25955562, 25892122, 4527494, 2389327, 793932
28305670, 28219660, 28182310, 28111049, 6300550, 2554298, 294371
27779059, 27690559, 27653729, 27584239, 5377958, 2619098, 295081
27670520, 27587039, 27546649, 27480099, 6429342, 2602779, 304221
26281372, 26168312, 26134592, 26066902, 3959781, 2044466, 332111