1787360365
5021218768
5031225540
5041679094
5053438802
5023774146
4971049776
4918363076
4865626675
4813343276
4760527935
4707792925
4654964644
4603001736
4550055445
4497272004
4444436374
4391674873
4339458534
4286744904
4234458235
4181977606
4129330565
4077422748
4024709217
3971901366
3919138766
3866414465
3813818756
3760983575
3708151364
3655389894
3606323786
3553903576
3501216686
3449009717
3396222706
3345062281
3292332961
3239552290
3186556279
3136139916
3081963421
3029053791
2976184339
2923220928
2871224960
2818677720
2765822420
2712791559
2659891737
2607560068
2554731339
2501888417
2448975326
2396082816
2344009518
2291072806
2238043455
2185100635
2132143573
2080331086
2027679166
1974672865
1921697673
1870351378
1817873799
1764958658
1712013286
1659177786
1607249038
1554300397
1501383936
1448534306
1395625615
1343871498
1290995967
1238021336
1185018005
1132232155
1080689108
1027993938
975107987
922268307
870356470
817557748
764755128
711822087
658812197
606940979
554070278
501051777
448119586
395268126
343411009
290571478
238112718
185150097
132174337
80489350
27619130
25480083
26756136
26434906
26385935
25006501
25378522
27639999
25844665
26239714
27561469
26784076
26235525
27556520
25863873
27169528
26416735
26784387
26340906
26417155
26615227
26395716
26740627
24830310
25223901
26313925
26768736
26316955
26349665
26685316
26337715
26280004
24939550
26130844
26291524
26600335
26288585
26330495
26642246
26378265
26218114
24919790
26151925
26279894
26552116
27148277
26337264
26663107
26367195
25359571
25715803
27186608
26288575
26639417
27138167
31203912
26700026
26401945
25356152
25776883
28069682
27481529
26600915
27096607
26320395
26570734
27169248
26725847
25810603
26300326
26340295
26585436
26430085
26277944
26566926
26255894
25314332
26719146
27038337
27414118
26613396
27167838
26350304
25825783
27081668
24926290
26450326
26329435
26271005
26691046
27089998
27539560
26636596
27020977
26221944
26466105
27947019
29247486
27325197
26984548
27362819
27332028
25089371
26169224
28134280
28771002
29203274
27351248
26943746
27295078
26497356
26034104
25340231
27266657
26823287
27351469
27211608
26927708
27271119
26489415
25572802
26101865
27132827
27831450
27405038
26377545
26826028
26176114
26837596
25043970
26014134
26431486
28312062
25608502
26338565
26027094
26051445
26445036
28016601
27129778
26406455
28536602
27123398
26334174
25982764
26063224
26501145
26111544
27260278
26385374
26798246
27199378
26342045
26840956
26062745
25539943
25742113
27256949
26180486
28363272
25821834
26314074
26689036
27027068
25316982
25790923
27129557
26260815
26603144
25936153
28855483
36190807
43452269
51395985
58615239
32386034
26653976
26836236
27220187
26908658
26844197
25155731
26141195
25933014
26332414
26356425
26770676
26331435
26327425
26084424
25833543
26376364
25995454
27290509
26238314
26826887
27226518
27369018
25915353
26474626
26959587
27689959
31969853
27321448
26849537
27167217
27376658
25971064
26355514
26408635
26932657
27204417
27365758
26785717
27280417
27154937
26765906
27233447
26384995
26728556
27160239
27317339
26770546
27132687
26911736
25888314
27356198
27389459
26771016
27129888
27136267
26730847
28191421
27958740
25863583
27305848
26258754
27824640
28169111
27942491
27774220
28170960
27142247
25909223
28240611
27023987
26766116
26179685
26971047
26716646
27050388
26287255
25876723
27226999
26911237
26819096
27270158
26380195
26767756
26308804
25340912
24934000
28130230
26379294
26757407
27244567
26321555
25922583
26216354
25213451
24842160
26218084
26905106
26710686
27070807
26944446
26760456
29124063
25411002
26644015
27031527
26324435
26550445
26234674
26258384
26580496
27080157
25195321
26657465
27109987
27159008
26835187
27088938
26825947
26746406
26137244
25251831
26707636
27029697
26186265
26654086
26177875
26210064
26596445
24537289
25696542
26679165
27070917
26778076
26680485
26949916
26840746
26656206
26094294
25117641
26652546
27887880
27775089
26630046
26952107
26768576
26619645
26031654
25221971
26527056
27049878
26182964
26665315
26938967
26773056
26650565
24919200
26758816
26535905
26941057
26098434
26634455
26883457
26132085
26640207
25994073
26855706
27507808
26985526
27735629
28444791
27839420
26819936
25501922
26061784
28117930
26650995
29840895
26141495
26555765
26910796
27632429
25674013
25959894
26651115
26642684
27019886
26779357
26616245
27009677
27640339
25649772
24836519
26654526
26520346
26858357
26066563
26447495
26089564
26083523
25405911
24668309
26122954
26556196
26847117
25927823
26280316
26830717
26054235
25470251
25957243
26045604
26381224
26760196
26018414
26401244
26787846
26664076
26433295
26937137
26594785
27422527
26851237
26667157
26393473
26818286
25072020
25536951
26919187
26570056
26462686
26875846
26645966
27288228
26796057
25202441
25592142
27672159
27566369
26416266
26799935
26620815
26427544
26745396
24929510
26444065
26697587
26466745
27069337
26637606
25682302
25349682
31272911
25883293
25328671
26754537
26417774
26207105
26599865
26400745
26346334
26777095
24874910
26301454
26594725
26512385
34903123
44506643
55825779
65967081
31151410
27110557
26549446
26848216
27130247
26497246
26930276
26962018
26012423
26071884
26385535
26589227
26141574
25889802
26346044
25878873
26360065
26627495
25142330
25966454
26391613
26024684
25985674
26476383
26053083
27216487
25681783
25939153
26926007
25600982
25922623
25814503
26322184
25892743
25265041
25566742
25972123
25750452
25534674
26703506
25788123
26326044
25938673
25782452
25411761
26939426
26878195
32091023
26758696
26834605
26183344
26678887
25066910
25467062
25844412
25690202
26131493
26725276
25747682
26182564
26778326
25628232
24533379
25790672
26198484
25419352
27566177
25706742
26761085
25740784
25577602
25440751
25788132
26797606
26286495
26670147
26140414
26290065
26650385
25771423
26155744
26893217
26818156
27253377
26793275
26857986
26367804
26614726
24863650
27110997
26726316
26031493
26354724
26664485
26690866
26268663
27604498
25005630
26207065
25855812
25648402
25506402
26639155
26704966
26226625
24949440
25018920
26172323
26581875
25700262
26096273
27524328
26073874
27183419
26168614
25481692
25439641
26435695
26600545
26027493
26576006
25559422
26225294
24818230
24566908
25241232
25681763
25796373
26087643
26518314
26557075
26051513
26663436
25495401
26921936
26530455
26724285
26175024
26567175
26677485
26113453
25472852
25354581
26091264
26549295
25936463
26060884
25635561
25804702
26170943
24837809
26658356
26891035
26348724
25495892
25087150
26303554
25399951
26134894
25548732
26634496
26289503
26581675
26655725
26316153
26619146
26785216
25389781
25539552
25669532
26289913
26594325
26339034
28676581
26472975
26357955
25179221
25640712
25659612
27233117
27508497
26645346
27227839
25626032
25538191
25126380
26370455
25413472
25983545
26388805
25433771
26086513
26517165
25398871
24209107
25574812
25433812
26767346
26351055
25357821
25931603
26283024
27822168
25115461
26368475
26457265
25991883
26330084
26536275
25974034
26436165
25581682
25954842
26242985
25445421
25978833
26328433
26148164
25904663
26384864
24594608
25138241
34188759
26537895
26785246
27271607
25341641
24979579
25595592
33353217
25020100
34262510
33696138
34411810
26362154
33348507
34739691
32676204
33127706
28527961
36108365
33551107
28399080
28336121
27781758
27929430
26411894
25489482
28624191
27351387
26577405
27911949
27436979
28672101
27780948
28219689
25360081
25789072
27322737
28624271
27936359
29194673
27880330
26776435
26286854
30338407
36934318
45928217
56051819
65227958
33135326
27064306
26049413
28311921
28709942
27797547
27523988
28675761
27826791
26312414
28630651
25054340
28300600
28659752
27695239
28127540
28607542
26830167
26322014
27846229
24218177
28207930
27728778
27641110
25471701
27777999
25905644
26273213
24299007
26060523
28305670
27779059
27670520
26281372
28678202
27575978
28063680
25254411
24976489
26317854
28683452
27571218
26412184
30629739
