7568564
6715941
20418625
18531160
17136155
4131114
4041243
4550735
4478964
4739625
4628395
4289664
4330574
4615645
5021437
4607595
4802716
3443801
4149043
7663945
4714515
4963716
4393294
4841966
4902545
4804375
4221034
3817452
4742215
4765266
4529854
2785319
4195654
4771875
3875053
4648735
3622952
4116784
4265603
4553615
4991587
4666955
5282777
4755726
4010353
3612252
4025463
4141573
4160853
4018033
4143503
4191613
4768686
4084973
4778015
4892266
4845326
4564175
4725225
4788666
4778595
3869352
4080033
4316124
4554534
4472234
4480165
5211768
5920499
5736499
4226804
3589311
5091006
5170727
5691569
5682309
5398087
5761159
5881189
3424931
3027550
6133190
4007573
3678492
3969443
3621451
4236394
4158904
4677055
4568055
3453151
4551614
5241607
6470691
4794656
4755466
5895439
3241310
4597255
5007757
7020623
3836723
4538844
4099694
4304464
3073660
3120400
4773636
3830923
3965332
4667555
4664115
3922463
4819176
3535411
4594625
4283344
4624275
3939213
3978543
3907283
3952764
4006373
2744649
2823019
3889732
4549044
3910862
3976103
4251813
3928663
4001612
3020579
3474191
3958103
3936682
3901593
4296504
4224274
4190484
3942892
2783739
3686232
3952482
4042303
4473114
4240123
4507765
4307784
3127600
3159630
4629796
4075694
4338575
4357624
4243515
4409894
4325174
3126690
3798173
5416219
4719496
4026792
4398594
4275264
4266543
4480475
4538515
3586192
4082824
4265094
4128774
4242044
3914692
3876603
3919722
3047360
4721545
4317274
4343444
3965812
4726455
4188453
3973933
4277234
2760639
3909973
4115693
3943762
4338764
4058473
4513006
4234803
4513064
4062473
4550255
5493237
6430732
5239286
4332665
4567305
5188017
2920310
3909862
5924149
6434431
6523891
5175627
4673945
4570645
4380645
3750292
3462461
4902816
4192504
4837686
4807646
4674586
4775527
4074573
3207690
4070634
4598544
5700609
4640795
3953843
4303475
4250053
3903222
2727369
3720863
3900463
3824783
3928352
3784602
3760962
3938684
3818772
3409491
4134813
3929503
4078193
4093854
4043532
3876623
3987253
4579625
3839922
4544624
4266103
4196643
4320124
4351244
4224123
4106284
3699733
3174770
4984817
3620192
4152534
3817873
3956662
4332894
4267394
3204301
3211580
4407224
3991124
3819751
3883292
4980456
3822633
3977782
3664462
3640932
3866453
4264564
4608205
4727215
4877207
4612635
3328910
4006473
3949723
4310184
4327774
4326613
3993603
4607785
4162444
3122100
4445844
3930332
4859117
3953432
4559975
4751156
5266317
3419681
4082814
4889526
5214297
9581291
4776515
4734016
4756915
4739825
3427041
3724442
4757275
5106467
4759995
5217507
4640486
5279806
4850545
3926913
4885325
4712466
4507165
4646086
4777036
4681124
4543154
4823735
3625692
5204027
5238638
4678605
4493825
4777235
4624066
5966000
6122330
3530241
5218137
4112143
5958159
6011050
6043980
6016590
5991058
5516048
3890703
6242631
5210267
4685835
3977513
5399947
4605604
4661626
3724862
3131959
4645756
4597535
4723945
4600985
4670705
4625795
4092193
2873919
3019249
5801109
4629894
4749336
4730535
4511465
3938263
3904372
2915849
2676579
3921032
4479304
4366705
4270994
4490194
4438755
6551460
3250611
4213543
4213603
4347644
3935852
3845092
3888912
3915453
4174234
2797039
4090243
4503304
4498275
4684516
4604176
4654025
4421644
3798812
2879810
4080413
4116064
3905773
3916753
3777723
3924643
3799462
2598629
3357301
4195532
4452954
4377294
4414524
3921423
4394494
4311064
3422521
2986710
4275434
5334198
5340467
4127544
3967173
4280644
4015993
3036760
3267591
3713402
4285935
3942202
4023423
4140574
4284444
4378104
3188881
4501824
3987892
4428685
3760062
4010653
3913483
4009453
3958413
3337880
4886845
4729385
4603904
5402657
6117079
4807146
4943986
2987149
3915913
6054969
4388634
4435974
4318504
4032163
4237373
5388447
2989540
3317691
4284013
4716314
4882605
4890016
4775875
4848145
5354157
3405741
2864119
4329744
4214785
3911573
3929112
3959243
3739223
3917052
2845479
2698308
4293854
4154374
4212144
3424431
3350902
3965403
3822933
2887419
3716781
3935893
3948792
3987762
3931153
3914162
3902923
4136513
3907133
4499315
4431774
5328797
4270204
4222694
3947282
4219493
2919109
3254600
4465804
4162014
4073464
4242854
4034273
4439594
4002934
3205190
3236820
4647615
5054787
4102294
3950641
4151763
4027792
3929483
2793479
3808183
4210784
4255824
4290034
3849012
3246191
3520702
3611392
3610062
3310951
4614215
4340763
3995353
3938062
4085863
4321053
4462644
2858659
4068043
3817522
3145570
3600202
3143540
3306631
3187640
4065783
5040587
4730546
4547545
5185887
4763796
4769885
4913057
3664942
4128803
4718686
4973527
4227383
3994202
4089393
3507161
4591555
4802025
3198880
4250144
4388532
4011253
4332094
4399613
3967823
5740888
3488272
3905183
5078197
4139174
4167734
4276424
4446914
3751202
3798742
3687792
4205623
4255943
4042074
4445974
4284494
4524964
4259764
4085683
3374451
4815566
4843715
5358177
4643685
4754025
3827723
4200424
3550831
3791623
4270494
4273543
4051202
4438084
4389204
4403224
4916046
3628962
3011230
4060733
4409454
3972214
5519966
4046182
3629091
3854303
3539041
3985912
4175693
5197537
4227544
4352815
4442654
4351365
4149103
4085663
3885503
5244958
4767335
5302257
4711475
4712545
4654345
4208824
3004040
5079236
4609425
4235094
4734455
4692144
4625725
4477733
5564067
3487271
4082734
4029303
4012133
4000303
4419064
4345344
4440325
3030880
3033429
4259083
4357984
4140924
3944023
5355997
4546245
5279298
3323861
3770862
3852172
3888373
4586835
3804672
4277854
4018013
4332283
2756639
2695619
3406941
3957373
4147124
3986862
4334163
4212133
3916472
4010673
3656642
4859796
4355604
4633435
4465015
4628675
5170836
4112323
3198960
3556161
4016453
4445964
3992513
3968003
4014802
4072463
4268023
2954179
4819576
4690074
4414934
4290694
3034770
3922902
3920382
3785552
3166791
4624506
4587073
4603524
4492724
4638133
4962307
5156126
3511061
3286901
4289953
4347013
4444374
4234913
6679621
4333824
4245124
2919210
3469031
4036493
5250226
5268316
4642115
5164517
3931872
4246944
2823129
4254414
3889593
3742513
4141904
4071983
4386784
4427904
3997353
2586768
3782962
3953903
4388624
3951704
3668352
4165153
3954713
5595767
3111320
4301874
4424184
4331483
3975342
4465974
3992693
4683705
4154884
3554611
3936283
3937062
4047423
3892322
4050063
3896202
4287983
3092969
3391681
4693625
4614215
4911006
5127137
3276381
3139370
3893902
3192840
3010619
3933123
3798242
4316804
4031702
4083144
5766079
3732082
3543001
6233540
6615671
4088653
6241369
6323920
5769808
6317181
4736435
3889703
5946409
5624558
4797436
6393700
5837620
6569461
5996178
6298119
4074773
3575761
5644078
6391760
6439330
6917282
5951440
4796315
4416304
6863932
4313384
4173803
4189204
4199563
4146873
5390406
4323654
6194570
6458891
6325539
5794218
6452460
6313562
4056303
6363650
3530821
6532591
6397091
6433811
5880439
6469361
5058737
4207063
5859218
2679658
5953029
5870449
5964190
3981353
5880069
3961234
3919692
3067150
4527494
6300550
5377958
6429342
3959781
6467391
5905939
5973379
3349821
3283150
4221433
6819242
5716509
4640204
7133244
