1787061794
5021092937
5031137150
5041604644
5053361442
5023624056
4970976415
4918280725
4865551735
4813256806
4760460135
4707722255
4654883933
4602738935
4549981485
4497204924
4444368574
4391606732
4339381804
4286674474
4234388235
4181901255
4129262535
4077335097
4024650676
3971843086
3919061716
3866345395
3813739406
3760924335
3708079924
3655320254
3606242895
3553831235
3501155476
3448939447
3396114456
3344953251
3292266310
3239471360
3186479369
3136041956
3081877871
3028987170
2976094589
2923127658
2871122170
2818588530
2765745039
2712704869
2659803937
2607477678
2554659018
2501801727
2448893636
2396006825
2343934157
2290992806
2237966915
2185024634
2132069942
2080255875
2027585426
1974610035
1921636623
1870026327
1817775898
1764887058
1711937076
1659097076
1607159088
1554228057
1501315116
1448454866
1395544715
1343777428
1290921737
1237916576
1184929835
1132148295
1080602098
1027910428
975029897
922197497
870276809
817485388
764665868
711754787
658758897
606848959
553991067
500980807
448053036
395186726
343317849
290493328
238033928
185080377
132092186
80393870
27547109
25347692
26619035
26281836
26238245
24881941
25273381
27536449
25671884
26058714
27378698
26613516
26052094
27378739
25751183
27028227
26271535
26657226
26174245
26247995
26446977
26226096
26579506
24725140
25102931
26167254
26632466
26161104
26179365
26532205
26180405
26179304
24816270
26013973
26141174
26437625
26138405
26230074
26505856
26218405
26088614
24795740
26013985
26125384
26403375
27008667
26194613
26532106
26209984
25244391
25591952
27060758
26189515
26508306
26990897
26274346
26540755
26240925
25253012
25663183
27907961
27314618
26445294
26935907
26174665
26439074
27019458
26613886
25673103
26148405
26190634
26447996
26282345
26132714
26432825
26096684
25184452
26583765
26869507
27247158
26428955
27002257
26216344
25657493
26950857
24805860
26287665
26162484
26107154
26479355
26894137
27332039
26436745
26910567
26123224
26367565
27827299
29138646
27194037
26847507
27240559
27201238
24993081
26067384
28034450
28668982
29098374
27234328
26837526
27193258
26381176
25911493
25228551
27128707
26720277
27245049
27105997
26824578
27162629
26385015
25452072
26002304
27019257
27731360
27293798
26256205
26721568
26076294
26326025
24923260
25901494
26338055
28222852
25521422
26249424
25926623
25960515
26342655
27904520
27032997
26314295
28410252
27036688
26246884
25893824
25976564
26401155
26020934
27179387
26314604
26715015
27122108
26268324
26757856
25989154
25437373
25652213
27177468
26107465
28289232
25749273
26226644
26615056
26958317
25218742
25699033
27052927
26186205
26525254
25859283
28668442
36096746
43376949
51304275
58542969
32319604
26549956
26739276
27140377
26830178
26730196
25056080
26058264
25849633
26253864
26260985
26685655
26253025
26247405
25977674
25710253
26288104
25900263
27206779
26159063
26743787
27145688
27287618
25798683
26356625
26872517
27596109
31886153
27234357
26762607
27084197
27283818
25851353
26250424
26327625
26847887
27116697
27283648
26704107
27204137
27068447
26653406
27139097
26297755
26649326
27082468
27230319
26681305
27052226
26814606
25781283
27269878
27305659
26691746
27047448
27050237
26642747
28110871
27865450
25765102
27216828
26172054
27731110
28084311
27856340
27694350
28079900
27039737
25800143
28159991
26927107
26677106
26093944
26892557
26637135
26967188
26184074
25770162
27096308
26775126
26698796
27142918
26259595
26646536
26191604
25216761
24835010
28001680
26249944
26630486
27113197
26202415
25793293
26085014
25101271
24753530
26082494
26771295
26593266
26952767
26815396
26629096
29038913
25296112
26505045
26871936
26167634
26446755
26072914
26101624
26424245
26955947
25080400
26548715
26961717
27010677
26676166
26945727
26679176
26598725
26017554
25131821
26584126
26868977
26028444
26500425
26019914
26056694
26443225
24416949
25566032
26515934
26918857
26628526
26524085
26799116
26689576
26538695
25957464
24999220
26535226
27769790
27637069
26487036
26809857
26623376
26481425
25914353
25095581
26381016
26906737
26043273
26517705
26793947
26627096
26537625
24796720
26625986
26427605
26800937
25929944
26461865
26718257
25967584
26528427
25868873
26709736
27366337
26847446
27600439
28310381
27698479
26685316
25381091
25957364
27987369
26525065
29719865
26007574
26405295
26759896
27483948
25495772
25849943
26545775
26538704
26909385
26671077
26508835
26877206
27528759
25534692
24693559
26555556
26405906
26721397
25927852
26310875
25938104
25928673
25292941
24519148
25985754
26412645
26709796
25815473
26141376
26695586
25955435
25345821
25815992
25908133
26244733
26620885
25882684
26265634
26651995
26550835
26309965
26804967
26489815
27291287
26699856
26517746
26235913
26663835
24946139
25424221
26786126
26440025
26305716
26719216
26490075
27130607
26637566
25057420
25448651
27521789
27424259
26274666
26661115
26481835
26297464
26608535
24785459
26306005
26573296
26386665
26984907
26520585
25561612
25224572
26389515
25782303
25207901
26632556
26295524
26110894
26479944
26279184
26228864
26676165
24771340
26174974
26476805
26377714
34813292
44423853
55659199
65880371
31072590
26998117
26448815
26715636
26999416
26363855
26779596
26829728
25871863
25954953
26246115
26462047
26016073
25777032
26219104
25731452
26259175
26511555
25031740
25836853
26259773
25895603
25859583
26337553
25921533
27073056
25561442
25848243
26842927
25505582
25836953
25727933
26239754
25801522
25172341
25477912
25879673
25673862
25454094
26625346
25706072
26244994
25863643
25695792
25319581
26857676
26796635
27203877
26671345
26759915
26106914
26601316
24983340
25375852
25766822
25614312
26055083
26639495
25669802
26108634
26691586
25529102
24442468
25712012
26115324
25335762
27488447
25630181
26675315
25651613
25480521
25351741
25706822
26716256
26203664
26574896
26050493
26208655
26552945
25663932
26072014
26810487
26735155
27164007
26703835
26766545
26280624
26514626
24769689
27024907
26637946
25940063
26265924
26576404
26603366
26172633
27507088
24898770
26122205
25773762
25562142
25425142
26532055
26622955
26132265
24826570
24914439
26083813
26496095
25605672
26007883
27433878
25983073
27090848
26047944
25376631
25347981
26318614
26473374
25906213
26399005
25395792
26040393
24685369
24449868
25092141
25540303
25703222
25951432
26352074
26398574
25901913
26523305
25350301
26769026
26381574
26572595
26014614
26413204
26522285
25960573
25347591
25184980
25920783
26395554
25783583
25905223
25479301
25650112
26070573
24727359
26533495
26777125
26192404
25358151
24937450
26158863
25264851
26018603
25411302
26510225
26142612
26438614
26504904
26180512
26508456
26646795
25269460
25412442
25511821
26142162
26457245
26195804
28534041
26332044
26206614
25053790
25513681
25508172
27083356
27394927
26502825
27082789
25489711
25388011
25011940
26269394
25303272
25836014
26256125
25302981
25957253
26386245
25299461
24105527
25454731
25323081
26656145
26240375
25243371
25820803
26165144
27706668
25005810
26248944
26349814
25886892
26196233
26396174
25843404
26330795
25472872
25829512
26133905
25309691
25842533
26184853
26013684
25783292
26249793
24477818
25020980
34087498
26445104
26681525
27179117
25238991
24855429
25485481
33235316
24913880
34157839
33592837
34309570
26246094
33221807
34593071
32537364
33011945
28411121
35989945
33409976
28242879
28183370
27630748
27783089
26314224
25384152
28510541
27206597
26426625
27758418
27328819
28522041
27631657
28111469
25240861
25631882
27171517
28472631
27786619
29064282
27744580
26655135
26177594
30162027
36825078
45823136
55924679
65127288
33004676
26943855
25919483
28171900
28564211
27642497
27365697
28513601
27658890
26156153
28529411
24938590
28178090
28521381
27552638
27987240
28476261
26691186
26157314
27738128
24095196
28065140
27586068
27486889
25307641
27620118
25744553
26108592
24188497
25955562
28182310
27653729
27546649
26134592
28543482
27432198
27941079
25119480
24856959
26167733
28541942
27440138
26292323
30508628
