3640442
4752675
14957538
13455413
12227450
2098457
2080516
2339658
2431708
2704329
2566288
2232027
2115327
2555098
3013330
2609718
2530388
1862906
2097667
2259968
2573268
2928490
2257297
2677819
2747998
2843579
2087557
2292187
2849939
2797819
2459728
1737246
2349598
2641748
1859836
2412678
1942046
1941317
2157657
2440948
2897730
2333718
2943320
2726589
2235307
1619585
1939607
2031126
2045097
1921147
2007246
2007206
2669899
2333177
2204007
2751199
2542779
2270047
2749939
2629659
2600558
1693035
2348828
2296848
2177807
2384297
2477688
1873037
2391578
2475518
2450628
1654935
2613658
2152617
2636859
2640649
2304807
2665609
2757459
2013227
1712055
4229974
2096746
2106377
2380178
2361287
1990806
2837019
2943290
2963250
2106766
2685299
2817699
3539621
2576159
2410928
3293130
1848916
1986247
2402518
4434115
1833857
1889686
1838756
2051856
1484655
1537435
2121287
1840986
1964666
2003356
2015796
1924507
2780199
1943506
1982417
2030637
1980716
1939817
1989036
1901546
1968217
2008467
1564995
1671475
1925086
2901359
1961276
1981966
1981276
1960987
2002376
1653685
1707655
1975486
1963836
1982387
2048216
1996266
1956456
1990956
1604505
1716266
1989336
1981797
2720739
2119566
2791659
2568258
1886796
1981596
2516669
2082837
2590959
2609488
2079487
2653538
2585448
1927997
2174037
2699119
2048157
2007445
2638959
2556668
2542097
2857830
3082090
1829516
2139938
2352458
2165958
2331367
1991206
1996126
2007686
1963497
2835459
2594998
2623098
2112037
3024030
2255057
2100687
2015887
1554115
1962317
1925186
1974386
2603278
2351908
2783400
2549538
2243657
2126846
1905326
1703825
2618459
2606128
1710466
1930417
2554639
1521035
1681715
2042946
2595008
2737189
2520748
2022276
1944966
2403828
2049447
2153977
2259257
2213057
2194508
2158157
2040567
2152498
1864526
1893386
2543369
1935486
3051710
2004797
2056577
2063857
2014596
1929476
1486004
1823086
1954257
1840726
1982906
1840626
1769755
2012567
1873026
2330928
2238237
1976947
1928756
1952047
1823405
1939667
2015047
2745789
2752499
2854569
2424987
2213047
2539048
2629428
2529548
2136778
2381808
1955047
2997130
1874706
2167567
1838597
2403747
2574988
2526089
2212288
2145387
2678629
2116897
1856715
1934586
3230610
2053877
2138516
2074497
1999967
2247337
2545918
2545078
2048986
2191928
2598229
2279317
2055997
1964497
2577868
2556978
2605488
2062937
2826419
2316538
2071167
2699498
1998256
2572609
1950776
1880556
2081317
2576959
1758196
2451018
2226247
2563239
6909262
2122687
2058517
2078836
2085307
1831816
1976606
2092177
2425968
2067897
2539178
1986497
2586488
2176677
2303548
2227877
2079367
1841446
1947807
2122217
2013356
1887495
2141987
1991367
2494958
2555599
1995917
1844786
2117607
1967097
2065867
2168807
1921976
2549909
2044356
2018657
2083897
2130788
2077437
2105206
2246447
2274197
2353648
2534808
2022467
1972457
3378471
2571418
1964407
2421718
1831925
2612909
2608209
2709059
2608139
2672009
2614259
2107207
1848306
1971126
1952376
2638848
2102897
2081377
2700549
2002787
1837006
1736086
1501165
1966906
2732218
2618899
2623919
2739489
2750069
2511858
2270718
2333707
2529028
2608158
1990626
1957706
1942566
1973386
1924537
1636715
1849716
1847506
1865806
2033827
1954017
2010077
2660458
2231597
1602175
1804396
1867226
1927027
2006676
1854396
1983676
1866006
1376045
2249237
2217457
2796389
2634899
2681408
2025117
2639518
2568948
2297308
1942266
2508178
2631089
2632079
2176488
2030996
2053877
2045146
2134697
2301318
2065887
2561819
2019866
2123167
2409538
2572458
2044906
2277768
2517988
2013036
2676639
1877706
2118276
1992267
2067257
2049117
2213657
2204987
2033966
1915296
2698849
3387160
2118397
2231107
1392114
2170128
2223567
2638578
2669568
2586578
2092597
2120567
2662409
1838486
2301298
2710038
2041216
2182966
2199447
2098946
2144257
2640028
2279597
1972096
2562968
2434719
1968207
1985325
2016097
1808636
1988936
1780915
1575895
2070737
1984427
1991007
1525515
1511965
2102137
1913887
1701355
1823525
2067707
2020816
1807366
2076237
2006016
2058177
1956336
2414248
2203917
1778986
3139299
2045766
2505359
1931066
2009036
1946906
2223107
2739509
2076817
2124108
2457458
2150617
2696959
2027247
2096087
2173377
1991827
3021580
2080057
1985726
2232457
2036576
1936666
1634745
1888147
2075787
2566589
2589579
1877606
1353684
1830807
1902327
1885366
2098777
1956116
2626898
2430188
1947376
2164197
2585168
2731628
1726556
2153647
1872766
2052376
1953157
1832326
1939426
1868016
2699359
2349247
2034596
1890136
2503828
2098717
2080246
2258108
1940976
2088687
2079157
2333638
2244227
2105976
2150156
1842586
1818656
2203897
1999866
2498768
2712097
2085887
2638899
2651727
2012346
4059043
2348328
1966477
3081970
2333568
2217468
2151907
2706259
2023806
2187797
2342407
2186237
2279717
2085807
2705959
2519828
2806489
2329048
2169507
2322827
2219717
2198736
2665118
2626778
2099506
1843646
2198237
2336977
2123777
2546288
2439107
2152746
2680068
2630168
2676589
3098640
1918357
2008427
2157437
2151347
2003107
3248859
2100256
1933616
1885017
1813946
2037646
2030166
3085680
2095287
2610419
2509428
2604849
2230947
2644168
1925937
2551689
2124267
2618839
2047766
2067716
1982076
2057807
1930736
2429998
2569408
2085387
2045056
2019736
2594359
2485488
3824262
2291067
1889567
2046506
2075737
2021907
2407428
2623609
2707660
2056587
1937276
2515607
2561708
2225857
2059416
2671579
2536698
2604479
2294358
2141897
1962746
2099247
2632038
1837546
2061137
1983257
2088046
1566875
1571855
1581186
1956867
1939136
2128616
2573998
2518058
2060977
2552638
2067786
2225197
2382468
1985466
1818936
1977746
2530768
2389117
2003447
1861955
2130467
2737608
2036907
2045617
2060996
2112386
2525178
1817036
2135677
2001306
2651209
2576648
1410054
2048056
2029906
1691606
2116817
1973317
1944455
1960286
2511148
2637428
2295198
2489948
2157096
2277458
2569068
2581137
2722509
2506448
2584268
2628218
2480138
1779946
2258807
2063837
2585568
2621748
2015567
2532158
2000416
2549038
1673035
2339678
1895597
1797846
1950807
2126177
2641258
2399588
2029966
1650515
1793346
2036557
2639299
2066697
1875946
2274507
2049256
3292230
2045557
2561729
2666909
2586738
2030726
2850629
2096767
2623929
2196357
2226647
1960447
1961916
2149697
2028446
2077277
1944346
2549737
2036886
2012867
2019496
1946086
2258287
2463258
1318934
1241963
1880906
1900406
1859876
1981277
1992977
2587719
2082106
2062767
1854167
2130817
2331417
2375687
2857739
2166377
2557107
2551278
1959846
2537519
2075116
2138307
2077466
1814856
2092817
2649828
2029267
2790619
2173627
2529237
1791356
1948936
1854016
2542948
2698318
3244220
2115118
2110986
1935636
3191240
2204187
2401978
2063117
2041686
1977137
2512687
2727379
2344898
2705099
2505567
1986716
2634728
2515319
2185987
2538198
1754516
2766799
2585568
2681899
2078107
2712509
3532722
2240617
2051306
1733835
2100377
2026086
2159377
1989557
2023216
1985207
2039246
1819795
2389327
2554298
2619098
2602779
2044466
2702769
2039927
2110747
2214657
2153876
2620068
3146210
2523518
1989916
3367192
