1474074
2287977
3940692
1092184
769502
365212
297661
493802
658712
832303
457321
274211
226820
689252
1164444
774142
676803
556181
345051
665683
494602
954303
283021
744752
791622
869113
647182
366051
800633
757773
739292
281151
444192
672332
298541
507631
523532
367321
284680
715602
870643
422531
1052574
887173
495591
275681
273701
461571
456951
321591
460661
431911
750863
466531
415321
704162
621993
321561
832223
712423
615282
501992
293771
284641
258641
562142
512112
249761
692822
585672
652782
316861
378231
291361
699633
851453
588242
880773
1053244
303271
304391
618522
526942
301991
570962
367771
284441
400361
851573
923513
244320
632722
918613
1059293
329781
655102
782232
461691
525632
785463
658733
350952
231741
272121
266470
251311
269030
301291
279581
280181
252820
276501
240591
279421
285241
307881
293311
262801
228401
266990
252420
248191
246031
282671
263251
262520
289961
258330
295421
260771
205461
286081
278871
248320
293681
279871
233641
353321
277151
244921
294081
286531
240001
294860
279971
391491
307340
457712
267351
404421
465701
317091
332461
298421
293011
264791
313711
279581
392601
506852
369612
303021
250190
333041
291941
266621
256711
608533
341101
405382
597712
493242
605092
297801
271471
298261
446162
428811
277741
297871
275481
694203
411291
304891
270781
286031
257921
261011
259290
317471
316071
487792
292381
371361
308981
373811
251480
314731
342541
252141
257821
243791
314071
434641
311601
283831
400881
292541
457921
260121
262571
276091
427941
367681
268150
290971
289561
273781
321101
255601
273081
335742
311051
253741
276701
285431
316101
266681
283091
251911
377242
308551
264331
269511
269301
239251
269141
239110
672772
413122
267561
248611
225961
234700
331131
263771
452111
968423
537932
357501
576442
232781
336581
290571
327732
606343
649912
340031
316941
496861
332381
297001
278571
222321
553472
477291
337741
309371
232480
243470
741902
301371
351521
292391
256141
457891
311181
310361
261930
339462
302731
455391
313731
418091
264600
325761
309161
225081
471672
490432
341931
355781
218511
256431
315801
241391
264921
289501
493351
894223
477452
285121
224471
270301
246370
265331
207041
641192
338191
306611
315781
239681
235970
237501
238571
386611
487282
406341
250121
267311
328542
379002
385751
244890
421461
488072
241811
288131
234851
345071
385831
277711
245991
432041
611972
247961
244530
227781
264241
287481
254790
302560
507902
1018253
231340
241621
271601
226481
260821
283051
264651
447622
430711
340512
273341
424591
278631
385181
365691
382181
274731
299481
231871
277900
322531
246230
301621
276811
295171
452732
267311
245950
368021
378512
352721
435961
446611
237880
459312
382231
226130
269821
287551
240081
220830
258401
235301
297961
272551
247931
254601
310721
250391
257361
368751
381831
293311
267631
222581
240651
271951
265741
258671
240471
252491
593562
436171
416622
333261
393091
346911
304111
289901
711313
274681
308121
323481
310431
405132
328081
327091
323001
418592
265471
273651
237051
283821
245521
239681
260261
239131
330031
252151
263121
405752
300841
289521
294241
273800
242221
463021
290891
247740
268481
375631
321181
399471
439452
299231
600772
369151
306351
425491
290021
299671
322061
347371
269451
452782
349481
306331
505001
439441
292531
328051
298901
692642
407851
436052
272921
266591
280830
272131
233861
269900
310981
274040
248211
266931
277561
232681
225501
273471
257391
278870
262260
262961
260380
234831
248551
288401
235671
277001
692232
549021
321191
233510
285610
237681
211771
269901
262170
528471
420942
288721
317032
319011
375301
373231
324011
709402
433311
352501
358561
319371
307531
427291
296130
289101
366131
417192
358111
307361
270321
235671
333741
273991
293401
499982
353011
274551
306330
371511
313321
358011
279881
378281
310341
258331
225641
467461
549482
237251
317141
241940
357411
247780
250720
263911
256381
311931
388851
450162
754542
563362
259831
400232
419581
345261
280961
285681
266881
538972
686302
338531
421891
334431
315941
335511
325341
359631
916863
270271
365482
349332
343211
311511
368461
411541
369151
717502
374631
532602
445051
382101
271101
358261
448072
364931
751092
445922
300751
407701
303691
308421
417611
423302
717542
774753
233020
291331
312731
381201
348091
399321
332141
291611
320691
310941
278171
256041
294631
329031
263820
225431
260510
448161
324891
393072
263881
274811
240041
319711
368311
481452
354621
260501
326311
313391
269741
248941
281621
277031
471942
244441
244221
246381
277960
287561
273691
270651
261061
951363
354552
308501
307511
322211
309261
333781
480092
377371
283890
345061
247941
408331
263351
334631
272851
345021
592732
396321
241591
263131
251210
262241
301521
265631
535571
271651
284341
243051
251141
249771
346481
254971
254611
319581
440452
409791
267331
267830
274421
273041
271651
279071
320551
266181
275111
346281
403261
323841
475252
310721
407461
264510
289451
277991
268481
307511
302211
230200
312581
289601
268061
500562
238771
228100
270601
375871
308761
493342
237241
417301
462452
292841
305301
408881
256331
299731
320811
242610
397761
387471
281751
299101
294511
250651
271291
298061
219371
433531
462342
226641
256301
254521
308431
334381
292141
252751
236231
241081
218541
239421
293841
293921
404651
300151
257560
401392
346661
347771
315871
290951
267001
276741
312371
306501
627031
381802
267691
295421
297951
290411
279181
285061
354751
399142
372131
268181
286301
289641
211081
201670
248971
435801
284551
309811
228481
251861
282961
333632
233191
264751
437131
506352
344221
286551
287271
277451
236020
271161
274811
390612
247870
219411
316421
382631
253941
252610
415021
235810
446671
241291
257241
260681
416131
293971
298171
276981
316161
724422
365101
256961
225281
231551
330231
244520
664662
320041
373631
232991
275670
289431
278361
372561
222021
307541
408881
271151
380942
276991
380131
487262
597792
270610
315511
371271
309401
282751
286301
288421
290361
272930
650202
793932
294371
295081
304221
332111
383771
283241
299421
382391
335671
232720
246661
242041
262401
289661
