1787179194
5021124238
5031161590
5041625084
5053381772
5023716076
4970996335
4918302105
4865572085
4813280656
4760479645
4707742155
4654905913
4602760035
4550001285
4497223034
4444385884
4391625392
4339403024
4286693354
4234409275
4181920935
4129285475
4077357547
4024669936
3971863356
3919083296
3866366385
3813761306
3760944375
3708102524
3655341254
3606267115
3553852355
3501174666
3448962527
3396146126
3344985831
3292291340
3239503980
3186501899
3136062386
3081909421
3029013060
2976126439
2923153548
2871150140
2818621180
2765771339
2712729059
2659828087
2607505388
2554683138
2501825987
2448916146
2396031436
2343956778
2291014626
2237988415
2185050515
2132094153
2080277015
2027613026
1974629915
1921655233
1870051427
1817801338
1764910178
1711962526
1659118906
1607184068
1554250907
1501338206
1448476596
1395566065
1343816208
1290946547
1237947726
1184952565
1132174755
1080632328
1027939708
975054667
922223427
870302970
817506138
764690948
711780287
658775437
606876049
554012837
501003327
448074336
395209386
343343859
290513828
238055438
185104147
132115037
80422700
27569900
25390032
26659535
26339706
26275155
24913411
25305001
27568539
25726954
26116264
27448398
26654416
26110305
27436289
25781053
27067998
26322485
26699657
26231535
26308405
26506047
26284496
26638907
24755310
25136221
26205644
26672916
26219174
26236535
26576435
26228535
26211134
24848170
26049004
26202704
26497745
26177895
26260374
26551746
26275825
26122684
24828460
26055445
26182624
26450056
27050967
26241274
26575177
26269185
25277541
25623682
27098058
26218345
26548226
27048887
31104021
26591225
26300665
25279732
25692033
27971532
27376259
26501684
26994767
26232595
26482634
27078848
26642416
25712713
26208285
26249315
26491906
26340505
26190884
26481105
26133554
25218102
26614995
26920567
27297968
26482955
27052948
26258454
25709153
26979847
24835270
26325215
26212384
26158474
26530315
26946267
27384699
26486805
26938357
26155724
26395015
27872119
29173116
27239837
26891658
27285199
27246978
25021511
26096164
28078280
28713192
29142174
27285528
26880386
27237278
26425516
25942274
25268671
27175677
26764577
27290889
27151128
26866518
27205719
26429155
25487902
26038754
27068117
27776160
27339718
26302835
26768578
26114074
26377465
24960200
25946834
26376435
28255842
25553002
26281684
25962663
25995795
26375815
27934980
27070538
26353415
28455842
27065468
26283634
25929454
26012444
26429535
26048764
27204217
26336184
26736635
27144958
26288114
26780726
26011295
25466683
25674843
27199478
26129095
28309952
25768693
26251644
26634186
26976807
25244582
25722603
27073907
26207135
26545944
25879453
28710502
36123827
43398939
51331355
58564779
32336524
26571556
26761516
27159477
26849188
26754966
25077500
26079144
25870004
26274524
26284935
26708105
26275195
26268805
26003414
25738463
26311004
25928703
27228619
26180483
26765767
27168028
27310058
25825053
26382755
26896817
27619749
31908613
27256357
26786297
27106597
27307978
25877334
26273844
26348285
26869847
27137877
27305108
26724907
27224537
27091737
26679596
27163247
26320285
26670256
27104038
27252399
26702645
27072756
26838176
25807593
27293588
27328349
26712996
27069328
27073437
26665947
28133861
27889330
25791942
27240248
26195054
27758990
28107881
27878881
27716350
28103510
27066617
25829643
28184171
26956847
26701426
26118144
26913407
26660205
26990798
26215274
25803162
27136038
26823676
26736996
27180658
26296585
26683296
26227034
25255201
24866540
28039870
26288264
26667587
27150787
26237075
25827243
26123554
25134701
24783460
26121324
26816155
26628436
26987857
26852636
26672036
29067773
25328152
26542025
26905346
26200594
26471635
26107654
26135824
26458705
26987907
25114400
26581875
26996367
27045407
26711946
26979148
26711736
26633145
26049484
25165391
26613956
26902997
26063604
26534475
26054085
26088664
26476205
24450419
25599312
26551094
26950737
26660326
26559405
26829896
26721576
26566585
25991174
25029890
26568766
27803930
27669409
26520586
26842667
26657516
26516285
25944643
25132031
26414996
26940467
26075703
26550895
26827377
26659616
26570615
24828440
26660706
26459415
26832267
25968534
26495485
26749497
25998204
26564747
25903343
26744416
27396807
26874796
27626209
28334911
27725370
26710516
25409031
25982574
28013180
26551535
29745935
26031064
26428145
26782316
27506578
25522172
25876583
26570425
26561954
26936085
26693627
26530465
26898686
27550589
25561422
24715789
26577276
26428726
26744327
25952142
26333395
25960814
25951273
25317881
24543118
26009404
26441536
26733046
25837453
26163506
26718766
25981305
25371071
25840992
25932024
26268373
26644365
25905764
26288264
26675555
26577125
26335535
26830087
26513075
27314217
26721716
26540336
26257763
26685955
24973079
25451441
26810176
26465745
26330526
26744396
26514586
27155717
26662096
25087921
25479421
27549409
27451309
26300616
26687695
26509485
26322514
26637565
24811549
26337865
26597266
26409465
27007147
26542575
25583352
25249332
31181570
25809783
25233741
26655626
26320214
26133804
26503424
26302674
26251114
26702815
24797350
26198954
26498515
26417674
34836432
44444343
55680989
65904001
31095920
27024197
26473245
26739536
27021756
26387825
26808086
26854258
25899633
25982753
26273525
26486117
26041613
25802032
26246284
25757192
26286215
26541835
25062050
25861753
26286043
25922053
25883843
26365473
25948363
27104436
25590002
25872513
26867337
25531172
25859593
25753243
26263494
25825453
25197251
25503672
25907273
25696802
25480684
26648196
25730993
26270734
25884753
25722122
25345501
26881016
26820935
32036773
26693066
26780855
26128214
26622646
25008560
25399972
25790142
25635642
26079313
26665075
25692882
26132024
26718096
25556202
24469148
25735872
26141084
25360142
27512457
25653851
26699835
25675753
25506921
25377131
25732722
26741206
26226924
26600516
26074523
26231975
26580525
25692272
26097304
26834537
26757635
27186627
26727875
26793166
26304804
26543186
24793459
27052087
26666286
25969403
26293954
26603474
26629306
26200083
27539418
24934180
26149375
25799632
25587972
25452062
26560685
26647486
26157765
24856340
24940079
26104913
26519005
25630652
26033183
27457358
26007423
27114419
26078104
25402811
25370881
26349664
26507285
25938513
26460225
25454952
26099773
24720669
24483908
25132411
25581453
25729153
25991023
26391854
26438064
25940303
26563415
25389801
26806586
26430954
26610235
26050324
26452934
26561225
25999273
25386511
25224500
25959383
26430164
25818113
25941173
25514591
25687052
26097833
24756859
26560515
26800605
26217754
25380481
24958990
26181513
25286091
26055363
25453812
26548486
26198363
26492614
26559705
26234843
26546036
26700505
25301741
25445432
25571091
26198183
26511455
26250194
28593221
26386674
26271694
25094670
25549951
25576072
27139587
27432577
26556995
27135119
25543991
25443371
25042970
26297284
25339142
25892445
26309595
25357461
26010563
26440455
25331141
24141167
25500532
25359671
26693645
26276455
25280571
25855583
26202094
27740758
25041960
26292065
26386854
25920533
26254143
26452864
25897554
26375695
25507072
25864432
26170085
25367961
25900463
26247723
26071624
25829702
26308063
24516998
25055191
34118729
26475364
26718825
27204857
25272011
24899669
25521601
33272276
24948010
34194540
33629357
34341120
26287764
33264677
34641251
32587234
33046945
28446601
36030945
33455286
28304049
28243200
27690028
27842859
26338774
25411862
28543791
27263507
26487635
27817268
27359559
28582751
27691128
28143239
25279971
25694512
27230237
28532521
27847209
29102903
27784270
26691715
26207224
30202457
36852648
45850406
55952929
65152238
33039226
26975895
25957833
28210040
28599711
27688707
27407137
28574991
27727510
26214403
28557371
24970390
28210440
28553311
27581719
28021000
28505631
26722057
26206784
27767358
24128697
28118020
27638348
27538889
25359611
27672728
25799893
26159413
24217627
25986102
28219660
27690559
27587039
26168312
28578292
27467448
27974719
25153790
24890679
26203093
28578262
27473208
26323883
30541058
