26382755,
26896817,
27619749,
31908613,
27256357,
26786297,
27106597,
27307978,
25877334,
26273844,
26348285,
26869847,
27137877,
27305108,
26724907,
27224537,
27091737,
26679596,
27163247,
26320285,
26670256,
27104038,
27252399,
26702645,
27072756,
26838176,
25807593,
27293588,
27328349,
26712996,
27069328,
27073437,
26665947,
28133861,
27889330,
25791942,
27240248,
26195054,
27758990,
28107881,
27878881,
27716350,
28103510,
27066617,
25829643,
28184171,
26956847,
26701426,
26118144,
26913407,
26660205,
26990798,
26215274,
25803162,
27136038,
26823676,
26736996,
27180658,
26296585,
26683296,
26227034,
25255201,
24866540,
28039870,
26288264,
26667587,
27150787,
26237075,
25827243,
26123554,
25134701,
24783460,
26121324,
26816155,
26628436,
26987857,
26852636,
26672036,
29067773,
25328152,
26542025,
26905346,
26200594,
26471635,
26107654,
26135824,
26458705,
26987907,
25114400,
26581875,
26996367,
27045407,
26711946,
26979148,
26711736,
26633145,
26049484,
25165391,
26613956,
26902997,
26063604,
26534475,
26054085,
26088664,
26476205,
24450419,
25599312,
26551094,
26950737,
26660326,
26559405,
26829896,
26721576,
26566585,
25991174,
25029890,
26568766,
27803930,
27669409,
26520586,
26842667,
26657516,
26516285,
25944643,
25132031,
26414996,
26940467,
26075703,
26550895,
26827377,
26659616,
26570615,
24828440,
26660706,
26459415,
26832267,
25968534,
26495485,
26749497,
25998204,
26564747,
25903343,
26744416,
27396807,
26874796,
27626209,
28334911,
27725370,
26710516,
25409031,
25982574,
28013180,
26551535,
29745935,
26031064,
26428145,
26782316,
27506578,
25522172,
25876583,
26570425,
26561954,
26936085,
26693627,
26530465,
26898686,
27550589,
25561422,
24715789,
26577276,
26428726,
26744327,
25952142,
26333395,
25960814,
25951273,
25317881,
24543118,
26009404,
26441536,
26733046,
25837453,
26163506,
26718766,
25981305,
25371071,
25840992,
25932024,
26268373,
26644365,
25905764,
26288264,
26675555,
26577125,
26335535,
26830087,
26513075,
27314217,
26721716,
26540336,
26257763,
26685955,
24973079,
25451441,
26810176,
26465745,
26330526,
26744396,
26514586,
27155717,
26662096,
25087921,
25479421,
27549409,
27451309,
26300616,
26687695,
26509485,
26322514,
26637565,
24811549,
26337865,
26597266,
26409465,
27007147,
26542575,
25583352,
25249332,
31181570,
25809783,
25233741,
26655626,
26320214,
26133804,
26503424,
26302674,
26251114,
26702815,
24797350,
26198954,
26498515,
26417674,
34836432,
44444343,
55680989,
65904001,
31095920,
27024197,
26473245,
26739536,
27021756,
26387825,
26808086,
26854258,
25899633,
25982753,
26273525,
26486117,
26041613,
25802032,
26246284,
25757192,
26286215,
26541835,
25062050,
25861753,
26286043,
25922053,
25883843,
26365473,
25948363,
27104436,
25590002,
25872513,
26867337,
25531172,
25859593,
25753243,
26263494,
25825453,
25197251,
25503672,
25907273,
25696802,
25480684,
26648196,
25730993,
26270734,
25884753,
25722122,
25345501,
26881016,
26820935,
32036773,
26693066,
26780855,
26128214,
26622646,
25008560,
25399972,
25790142,
25635642,
26079313,
26665075,
25692882,
26132024,
26718096,
25556202,
24469148,
25735872,
26141084,
25360142,
27512457,
25653851,
26699835,
25675753,
25506921,
25377131,
25732722,
26741206,
26226924,
26600516,
26074523,
26231975,
26580525,
25692272,
26097304,
26834537,
26757635,
27186627,
26727875,
26793166,
26304804,
26543186,
24793459,
27052087,
26666286,
25969403,
26293954,
26603474,
26629306,
26200083,
27539418,
24934180,
26149375,
25799632,
25587972,
25452062,
26560685,
26647486,
26157765,
24856340,
24940079,
26104913,
26519005,
25630652,
26033183,
27457358,
26007423,
27114419,
26078104,
25402811,
25370881,
26349664,
26507285,
25938513,
26460225,
25454952,
26099773,
24720669,
24483908,
25132411,
25581453,
25729153,
25991023,
26391854,
26438064,
25940303,
26563415,
25389801,
26806586,
26430954,
26610235,
26050324,
26452934,
26561225,
25999273,
25386511,
25224500,
25959383,
26430164,
25818113,
25941173,
25514591,
25687052,
26097833,
24756859,
26560515,
26800605,
26217754,
25380481,
24958990,
26181513,
25286091,
26055363,
25453812,
26548486,
26198363,
26492614,
26559705,
26234843,
26546036,
26700505,
25301741,
25445432,
25571091,
26198183,
26511455,
26250194,
28593221,
26386674,
26271694,
25094670,
25549951,
25576072,
27139587,
27432577,
26556995,
27135119,
25543991,
25443371,
25042970,
26297284,
25339142,
25892445,
26309595,
25357461,
26010563,
26440455,
25331141,
24141167,
25500532,
25359671,
26693645,
26276455,
25280571,
25855583,
26202094,
27740758,
25041960,
26292065,
26386854,
25920533,
26254143,
26452864,
25897554,
26375695,
25507072,
25864432,
26170085,
25367961,
25900463,
26247723,
26071624,
25829702,
26308063,
24516998,
25055191,
34118729,
26475364,
26718825,
27204857,
25272011,
24899669,
25521601,
33272276,
24948010,
34194540,
33629357,
34341120,
26287764,
33264677,
34641251,
32587234,
33046945,
28446601,
36030945,
33455286,
28304049,
28243200,
27690028,
27842859,
26338774,
25411862,
28543791,
27263507,
26487635,
27817268,
27359559,
28582751,
27691128,
28143239,
25279971,
25694512,
27230237,
28532521,
27847209,
29102903,
27784270,
26691715,
26207224,
30202457,
36852648,
45850406,
55952929,
65152238,
33039226,
26975895,
25957833,
28210040,
28599711,
27688707,
27407137,
28574991,
27727510,
26214403,
28557371,
24970390,
28210440,
28553311,
27581719,
28021000,
28505631,
26722057,
26206784,
27767358,
24128697,
28118020,
27638348,
27538889,
25359611,
27672728,
25799893,
26159413,
24217627,
25986102,
28219660,
27690559,
27587039,
26168312,