26302495,
26826586,
27548089,
31827923,
27188047,
26712906,
27037147,
27232678,
25797793,
26197884,
26284665,
26802387,
27067367,
27237418,
26657767,
27161957,
27024327,
26600176,
27083067,
26250295,
26605616,
27041428,
27186508,
26636445,
27007466,
26769956,
25727123,
27224328,
27262388,
26646666,
27003058,
27006517,
26596717,
28066491,
27819700,
25718402,
27170888,
26127813,
27680809,
28035991,
27812650,
27648649,
28031110,
26987426,
25748833,
28115351,
26880687,
26630246,
26047814,
26849596,
26593895,
26922448,
26129774,
25709402,
27031418,
26711356,
26638296,
27081927,
26201965,
26588385,
26136154,
25161971,
24781949,
27939920,
26188774,
26572036,
27055267,
26142134,
25744253,
26024054,
25044641,
24699790,
26021253,
26715125,
26537736,
26876167,
26750336,
26569886,
28987233,
25246771,
26463665,
26832356,
26126814,
26404745,
26030494,
26049824,
26372145,
26911087,
25032770,
26505295,
26909857,
26956487,
26621686,
26905087,
26627536,
26548005,
25975854,
25085241,
26530426,
26816957,
25975334,
26446365,
25965304,
26005814,
26390745,
24363609,
25517202,
26464574,
26864296,
26576446,
26470435,
26745496,
26635515,
26483005,
25899604,
24955290,
26482775,
27729790,
27579219,
26433476,
26757676,
26562585,
26426085,
25866883,
25040191,
26329156,
26853557,
25989463,
26461095,
26741507,
26574356,
26482505,
24743310,
26579285,
26381214,
26755797,
25871203,
26414894,
26670946,
25923554,
26464086,
25814243,
26656415,
27317547,
26796746,
27549739,
28257260,
27643869,
26634276,
25327141,
25891814,
27925979,
26467125,
29667315,
25958384,
26348294,
26709815,
27428618,
25434132,
25789113,
26487475,
26484564,
26856485,
26619726,
26457404,
26828116,
27476958,
25479091,
24630029,
26502206,
26344736,
26668786,
25869832,
26259975,
25878644,
25872632,
25233851,
24465208,
25925634,
26357015,
26652296,
25758113,
26087526,
26639806,
25895505,
25285931,
25761072,
25850003,
26189563,
26566215,
25824784,
26215034,
26595665,
26486345,
26244964,
26752487,
26437055,
27241807,
26647376,
26467086,
26180513,
26612345,
24874619,
25355081,
26725966,
26384975,
26246705,
26656516,
26428235,
27074487,
26583706,
24986730,
25372551,
27459198,
27364059,
26216185,
26597324,
26422104,
26238724,
26548305,
24728689,
26240465,
26512726,
26331835,
26933687,
26466535,
25507902,
25172422,
26334045,
25718963,
25142601,
26573546,
26237834,
26052094,
26427344,
26225674,
26175834,
26614345,
24705099,
26112244,
26416174,
26330024,
34765462,
44385813,
55616599,
65841021,
31033410,
26954417,
26400835,
26667726,
26950686,
26314235,
26730996,
26782267,
25817293,
25901323,
26198634,
26416206,
25967933,
25730862,
26170253,
25685482,
26207184,
26452055,
24972320,
25785783,
26207892,
25843863,
25804023,
26284953,
25869843,
27017966,
25454352,
25788193,
26795726,
25453362,
25788283,
25676673,
26193424,
25744652,
25113520,
25426732,
25824163,
25625582,
25398993,
26577885,
25656722,
26196904,
25805123,
25645642,
25266150,
26810716,
26746275,
27154147,
26625345,
26714285,
26061044,
26552796,
24930409,
25311831,
25718202,
25569252,
26009793,
26592165,
25624752,
26064794,
26637875,
25477082,
24387818,
25657082,
26067364,
25290192,
27443177,
25585181,
26626215,
25604843,
25436261,
25303990,
25653512,
26672986,
26154884,
26527516,
26005893,
26167115,
26497485,
25619282,
26030774,
26769367,
26695195,
27121597,
26662605,
26722445,
26230954,
26458786,
24723989,
26972236,
26575976,
25881923,
26212164,
26516164,
26551846,
26117623,
27458868,
24850270,
26080265,
25720302,
25520362,
25373161,
26474955,
26582825,
26088725,
24774480,
24860289,
26047313,
26447755,
25551682,
25953513,
27380998,
25928903,
27038258,
25991523,
25327671,
25299591,
26266884,
26418194,
25853292,
26343765,
25337171,
25983713,
24630999,
24393368,
25032851,
25480992,
25660532,
25890822,
26297913,
26344734,
25849303,
26469235,
25289741,
26715385,
26329514,
26517395,
25960713,
26351894,
26468534,
25913263,
25302581,
25145210,
25867093,
26339924,
25733543,
25854473,
25430970,
25598201,
26018943,
24670439,
26486775,
26736505,
26151174,
25318821,
24899520,
26117113,
25225160,
25953123,
25347142,
26448395,
26082252,
26379704,
26446834,
26114702,
26459296,
26580105,
25215810,
25348042,
25438341,
26070282,
26391495,
26127344,
28465700,
26253604,
26130374,
24982630,
25446131,
25433652,
27009156,
27332307,
26428415,
27015028,
25421221,
25315431,
24938879,
26196664,
25230232,
25762864,
26184154,
25234100,
25885152,
26303564,
25244590,
24032727,
25373211,
25244561,
26587645,
26160425,
25174350,
25752353,
26089113,
27642818,
24940450,
26161724,
26274554,
25815632,
26116843,
26324694,
25773043,
26270555,
25398571,
25756202,
26060944,
25230451,
25768362,
26104493,
25939183,
25690802,
26175523,
24412107,
24951760,
34020788,
26374334,
26616685,
27128207,
25163341,
24775759,
25411001,
33168426,
24841250,
34083419,
33521077,
34238990,
26161033,
33127867,
34492051,
32441383,
32936785,
28334020,
35920575,
33300376,
28148619,
28088980,
27537358,
27681619,
26262284,
25313731,
28448631,
27139197,
26337665,
27670258,
27269039,
28433401,
27525797,
28049599,
25181200,
25547461,
27087187,
28388521,
27702448,
28986212,
27669490,
26575474,
26117384,
30104776,
36772317,
45774136,
55874489,
65085088,
32959145,
26887015,
25855213,
28103170,
28505781,
27586027,
27286147,
28434611,
27579320,
26075863,
28471511,
24881980,
28128270,
28473191,
27505688,
27929960,
28426081,
26643266,
26105693,
27683658,
24037836,
28011180,
27528458,
27432009,
25257451,
27568648,
25690233,
26045232,
24136637,
25892122,
28111049,
27584239,
27480099,
26066902,