1721630513
4930839313
4941170080
4952109801
4963013420
4927175431
4875197949
4822513564
4769643788
4716875893
4664036348
4611949125
4559108159
4506344424
4453477049
4400803764
4349187752
4296386847
4243543261
4190717337
4138783184
4086061478
4033640615
3980858180
3928056615
3876023701
3823194496
3770403441
3717605015
3664545069
3612865077
3560036353
3507184647
3454375882
3402070648
3349478683
3296788339
3244007093
3191232908
3139313126
3086459620
3033770306
2981781443
2929811269
2878327558
2826351755
2774451203
2722360730
2671148229
2618929705
2566827482
2514693629
2462550975
2411764006
2359626092
2307461339
2255305956
2202798162
2149897516
2097100381
2044294996
1991498821
1938970087
1886098411
1832829525
1780606551
1727846536
1675241922
1622446227
1569710482
1516918137
1464183702
1411641058
1358922323
1306131928
1253430453
1202835043
1150231590
1097562015
1044982490
992086704
939731972
887421808
834778353
782399579
729899635
677635031
624886576
572173781
519410147
466700752
414121547
361699273
309062589
256261664
209742056
157019321
104247786
51462321
24065386
24671778
24305267
24236047
23991006
23079554
23478085
23993386
24257017
24243647
23967996
24306557
24253277
24663957
23153723
23514835
23968927
24312966
26523383
23927035
24317176
24164947
23042724
23157063
24127666
24689267
24346097
24151396
24045536
24309647
24121706
23143664
24222067
24166467
23975165
24335507
24212488
24600767
24985139
23164924
23609995
24221316
24106116
24525957
24204307
23982807
24526607
25048849
23291064
24556268
24140836
24112136
24614338
24162886
24168926
23920515
22967023
23200923
23762546
24145686
24035017
24488077
24048836
24064858
23815456
23003373
23171734
24564977
24137517
24080017
23857426
24172997
24118566
23974296
22970602
24034295
23869305
24174417
24073705
24509557
24180386
24137187
23768725
25227919
26053082
25793391
26169353
25954641
25728620
26131902
25339930
23782076
24150446
24083006
23830085
24253666
24022856
23844767
24201017
24112126
23689795
25057289
24787078
24604217
25051120
24811118
24433077
25130969
24080587
24668857
25067498
24909688
24679938
25053919
24879649
24452357
24130716
24258386
24490037
24999658
24045716
24433197
24139846
24057367
24418057
22984833
24089786
23737646
24089206
24066936
24447297
24089427
24008516
23517265
24004446
24021356
24402777
24073295
24049286
24441047
24670039
24106146
23623335
24072787
24038706
24391936
24784258
24055916
24380637
24752078
23150074
23510414
24020046
24072657
24399297
24072836
23955996
24359398
24016465
24014986
27281915
24859198
24744758
24606558
24730928
24725248
24505798
23949375
23949536
24578027
24776218
25396950
33637282
44018780
59064292
70177313
32093128
25191399
24579727
24796239
24055337
25307709
24898019
23798676
24630667
24021995
23865556
23632014
24039296
24274837
24509938
24096026
23200434
23627015
24737338
25041118
24550028
24856318
23888866
23722284
23864485
24977538
25276189
24040336
24900958
24346007
24813258
24243658
24548247
24004055
24062276
24424947
25016849
25126809
24538768
24796058
24871208
23597865
24836878
23945605
25268780
25048809
23944846
25280940
24814397
23913516
23597944
24796678
23900345
25266398
24822508
23891856
25231769
24772287
23763755
25255349
24799368
24915489
25231159
24691188
24565106
24310128
24838038
23723955
24389688
24838847
24007015
25295069
24733668
24853868
24532667
23799515
24160866
24452717
24770418
23755965
25159769
24761447
24890809
28973419
23775905
24890998
25183728
24691467
23777395
24211056
24796228
24905458
24225066
23802925
23679755
25075329
24772757
24813598
24247197
24560926
24987748
23543495
25449500
24828118
26166211
24809218
26190161
24195917
25622960
23887075
24180346
26540443
26095532
25319699
25608909
23644916
24265006
23898375
23543744
24213916
23797215
23709145
24274197
23774855
23635025
24201356
23645364
23579555
24250617
23836955
23639704
24219966
23778815
23670344
24155427
23714345
23700685
24163486
23850276
23908077
24417317
24625688
23768415
24121416
23873066
24807518
25147359
24597547
24832598
25135888
24646958
24012116
23408154
23883355
24858097
25208889
24755098
24872189
25177869
24762418
24808599
23305514
24556377
24604617
24217186
24557357
24790018
26163302
25489349
23828675
25056268
24482727
23971115
24103046
24652657
24726208
24377017
24510787
23426724
25315019
25693810
24885407
25276109
24886288
24989448
25271979
23731945
23622574
25146959
27062624
24386606
24343636
25605720
24796088
25125139
24551757
24798498
25176398
24761717
24881829
25060388
25412500
24814969
24143056
24518867
24836757
25088569
25442750
24854278
25067038
25425609
24784968
24273146
25465670
24745508
25091549
25459920
24807838
24982758
25535969
23778395
24070596
25404329
24816087
25039809
25368680
24745727
24986888
25291909
23409754
24157486
25483309
24732148
24984348
25439409
24790308
24179786
23629765
23324744
24097616
24484047
24580668
24095476
24497277
24591497
24488707
23595214
24686137
24206727
24452157
24544387
24094867
24487567
24523167
23193253
23676064
24511136
24103297
24428657
24519357
24868728
24476526
24538477
23942856
24658328
26937444
34700665
42343925
50675258
58466799
33105821
23530745
23994156
24367095
23709274
23850225
24357836
24674037
22930503
23397674
24369297
23876806
24207225
24363136
23882865
24224666
24336086
23633714
24266656
24644797
23759895
24262367
24255536
23823915
27110864
23141273
22914312
26006470
24654857
23827496
24134796
25687610
25440440
25378788
23420794
23781695
24183706
24618997
23872225
24206276
24225537
23813355
25792901
23237463
24461967
24165046
25648330
23748286
24124895
24252776
25469899
23355133
24239257
23667714
24176456
24272197
23788224
24184906
24256307
24423156
24071385
24215987
24568877
24991928
24589107
24540057
25067188
24533647
23598824
24125576
24212396
24479107
24855428
24049085
24470557
24880898
24047465
23585334
24955088
24688577
24441077
24236416
24247426
24515506
24872269
23260474
23514314
24839387
24216936
24449487
24914768
24567427
24459387
24722938
23149133
24425756
23993595
24166866
24437446
24004085
25214278
24453006
23838585
23203004
24282696
23953295
24041865
24238986
23884416
23987805
24319346
24039636
24399696
24365707
24770628
24279766
24338366
23900835
23914385
23425854
23752065
23950585
24253426
24570797
24214247
24194737
23891965
24057525
23575184
23810865
23904254
24253296
23856605
23951395
25162558
25626420
24354826
23378434
24719498
25003478
24367176
24711647
25127228
24378327
24675217
23809795
24195266
23818015
23884586
24175856
24549057
23846865
24166436
24760037
23865955
24202016
24521707
23956095
24132756
24507937
23873435
24170506
23635934
23836435
24185176
24462917
23930355
24235706
23762745
24244216
25058418
23633524
23860215
24148786
29314480
23872303
24200126
23763306
23860315
24265766
24586786
24791208
24165216
23730774
24847607
24167906
24668037
24314786
23328384
24507857
23812636
24130925
24492097
23856465
24075746
23747754
23124473
24112625
23807585
23904936
24024014
24471466
23837095
24099576
24486237
23721304
24098536
24522057
23876015
24072006
24423797
23854335
24026974
23689814
23872735
24018796
24491007
23862595
24034035
24429897
23801495
24070636
23670435
23781115
24039484
24369247
23788025
23982195
24394316
23749575
23217473
24469307
24880258
24081315
24408336
23769404
24040825
24363146
24976418
23270743
24330136
23797445
23989354
24326126
23699934
23954025
24351946
23652915
23161103
30006742
24742227
23957385
24291206
23667294
23955785
24277906
23599834
23970224
24407866
24773137
24050695
24323286
24798107
23922995
24325857
25723980
33919822
43543188
55834642
65691218
30461553
23791075
24319646
24838228
24574258
25162239
24096846
25228518
24341317
24827077
24539216
26640253
25836130
26234113
25590800
25783950
26266522
25595689
24848568
25333809
25171888
25826260
26223702
25604010
25993921
25359219
24386136
25050508
26400660
26733003
26667752
26276131
26889774
24953458
26408012
26854514
24903348
26352951
26778212
25897310
26259861
26792963
25866600
26382632
