1858245
3167598
2955318
2234256
2743997
2283096
2912168
2765369
3199068
1982745
2763788
2511447
2819198
2914828
2974769
2903258
2755138
1536965
2644167
2269615
2953789
3030358
2330337
3167669
3013257
2294217
1745414
2241516
2286986
3016577
2962388
2336687
2933158
2221786
1693854
2859577
2181816
2900088
3028269
2359346
2515616
2246817
2927138
1880695
2266057
2955838
2258616
3195119
2417057
2955448
2929868
1745435
2646197
2899228
3014599
2325376
2971928
3000848
3007698
2217106
1772185
3017048
3146148
2914428
2309946
2274726
2921728
3068868
2339837
1973705
2198036
2948378
3040208
2912759
2264156
2272805
2937728
1713245
3060628
2971708
3581610
2845008
3994521
2335987
3881740
2370106
2319987
4182281
3819002
3977481
3617319
2331757
2381237
2303936
1549764
2134476
2156456
2180966
2221677
2196686
2248137
2291786
1719445
1690725
2346107
2252726
2285556
2284055
2195516
2233326
2308277
1728855
2051246
2304856
2171997
2258517
2893838
2242377
2237386
2236106
2111406
2996288
3010309
2283876
3020448
3000057
2865019
2381837
1674595
2234776
2729047
3000658
3032268
2860578
2963008
2935628
3372370
1592714
2525627
2344917
2373906
2788097
2735998
4109751
3255549
2241566
2958998
2388246
2395936
2337917
2409866
2498857
2504247
2482977
1802835
3358739
3856490
3093568
3143839
3068919
3255689
3284099
1901056
2147966
2792678
2387217
3306599
2543117
3108878
2377827
3328080
2214536
3015519
3218028
3018138
3153499
3207998
3046679
3105660
2120836
2309216
3230588
3209839
3102339
3081119
3195028
3095108
3265010
1919765
3220630
3021558
3259520
3384270
3201409
2946648
3275819
2176376
2188246
3082768
3245558
3127719
3185799
3074768
3199469
3047768
1561714
2439927
3282808
2980958
2768228
3131628
3191189
2320326
1833485
1579564
2464677
2467477
2336097
2267717
2271456
2542987
2362416
1858855
2473937
2474447
2203676
2314026
2197287
2329696
2278596
1514574
1755095
2221195
2010346
2137206
2178496
2221386
2173705
2155886
1791895
2636758
2960268
2164806
2227396
2564617
3170148
1959426
1828956
2035436
2462266
2168006
2435806
2266026
2275996
1387954
1690505
2179856
2141097
1959015
2207986
2197426
2030625
2150416
1516394
2203346
2473507
2065855
2157786
2168676
2070426
2226986
1606204
1429323
3761559
2224206
2069436
1996825
3686440
3782831
3688499
1889975
2202556
2015286
2205126
2096926
1999736
2174777
2074655
3788401
1757675
2067216
1982935
3747631
2127167
1994535
2176996
3736020
1770145
2297747
1632144
2181576
2440437
2299126
2143486
2067346
2483226
1854325
2131867
2551737
2749208
2561478
2887598
2919848
2701487
1850275
1982126
2181276
2201086
2307876
1932215
2107146
2342787
2234946
1641824
2712127
2829408
2516337
2605747
2304636
2272936
2352897
1644745
1714605
2331996
2255106
2297546
2341356
2444697
2290016
2337786
1598714
2229446
2257226
2337127
2356336
2349407
2632767
2492706
1608364
1664655
2293856
2247656
2331616
2284367
2321667
2246866
2424017
1911346
2362376
2646677
2571867
2612057
2601457
2419826
2215467
1464494
1595594
2382246
2306747
2413857
2249287
2207647
2276766
2427156
1758505
2155526
2270485
2449297
2197156
2292886
3828040
3758311
2782117
1829555
2845358
2939348
2934198
2711688
2970008
2917498
2825618
1705794
2217496
2276366
2271117
2255636
2274696
2262926
2276636
2763377
1917536
2376757
2395937
2437516
2235676
2354656
2358236
2608317
1545024
2081916
2265636
2301666
2319546
2306286
2283866
2565437
3193939
1581514
2065316
2252776
2241546
2231115
2257636
2247146
2205436
2214686
2519196
2300587
2236776
2234675
2309625
2288906
2565087
2302946
1737225
2307036
2276637
2334166
2332647
2279626
2267667
2209285
1640644
2130435
2216577
2406337
2270006
2234366
2335447
2338477
2246787
1756395
2306427
2288926
2222616
2270546
2230426
2321386
2250865
1734614
2358936
2252666
2357037
2314347
2287156
2243687
2252656
2262767
1540344
2131366
2436396
2297157
2314096
2289496
2357866
2329337
1681114
2130036
2574257
2283376
2295436
2226236
2285585
2297166
2249956
1620975
1926335
2363857
2393196
2295136
2352416
2233036
2264206
1715355
1631844
2784628
2280226
2323726
2232076
2303316
2259636
2238417
1601404
2207285
2558467
2560457
2548927
2203845
2531507
2225506
2269897
2522167
2458156
2263286
2324536
2212826
1776545
1697995
1687544
2256766
2294687
2792408
2269237
2653727
2724008
2644677
1951255
3796231
3761930
4009082
4007381
3735160
4005822
3258239
2555228
2755117
3133798
3752900
4008111
3896561
3908251
2936828
2828237
2858168
4287950
4078881
4340712
3840910
4705113
2797158