1721333082
4930686032
4941098030
4952027801
4962907310
4927085561
4875103229
4822424014
4769546018
4716765353
4663930838
4611849205
4559000539
4506249854
4453383739
4400657934
4349097132
4296312647
4243472261
4190647976
4138710144
4085988558
4033569134
3980783509
3927988204
3875952171
3823124206
3770327611
3717535155
3664475229
3612778177
3559960152
3507111587
3454307002
3402009228
3349416663
3296718709
3243938673
3191161878
3139237326
3086395700
3033697106
2981703363
2929717609
2878249988
2826282245
2774375233
2722286570
2671090889
2618878395
2566763482
2514621309
2462494475
2411706415
2359562802
2307397439
2255247596
2202729852
2149816276
2097029341
2044236566
1991439981
1938899327
1886033081
1832768715
1780548051
1727781536
1675170892
1622392057
1569652281
1516851927
1464114372
1411582158
1358864303
1306062148
1253362923
1202762873
1150148599
1097473915
1044903030
992014084
939667821
887339718
834701312
782333299
729831594
677558501
624819336
572117041
519354617
466636202
414053347
361644143
309008039
256197874
209673476
156963411
104190256
51403861
24005456
24611018
24242846
24175527
23925636
22999094
23397025
23925446
24194917
24176517
23898156
24239006
24173676
24585417
23062733
23434895
23896886
24241166
26443483
23853835
24239156
24083937
22963664
23060363
24037635
24599017
24257657
24062916
23953866
24222037
24049726
23036243
24149516
24096447
23892815
24252277
24137707
24532227
24917009
23075754
23524795
24151856
24037706
24453037
24137286
23918056
24464237
24915259
23189464
24456328
24018396
24001216
24492658
24044046
24041716
23800315
22874273
23088453
23677615
24063706
23952927
24408027
23965116
23979728
23733786
22892343
23083853
24486447
24063107
24003726
23784156
24099026
24037996
23888696
22872602
23957435
23796175
24101337
23998405
24428767
24099236
24063466
23673795
25143489
25978652
25714150
26093522
25884011
25652310
26055961
25253260
23689455
24078275
24012986
23760535
24184636
23954866
23773747
24135476
24031746
23615615
24989569
24713898
24526637
24985880
24744328
24368097
25062888
23994996
24598767
25001568
24841798
24612457
24993589
24786359
24384207
23985796
24149506
24387887
24901048
23973236
24357587
24068546
23983886
24346037
22905803
24009536
23664806
24016955
23986956
24374937
24012837
23927065
23432495
23927516
23944975
24331546
24007875
23965026
24366847
24604449
24036506
23530154
24004547
23965265
24317646
24703788
23965406
24300316
24681448
23071323
23429894
23950046
23989426
24326457
24002746
23883435
24288378
23948385
23922716
27194845
24788848
24668078
24536308
24633158
24652767
24443607
23848815
23869456
24507787
24706178
25256349
33545081
43932050
58975431
70079892
31969797
25058279
24450817
24701328
23911376
25171339
24764329
23661505
24468837
23879795
23728695
23502204
23907205
24145997
24382287
24004565
23088913
23494835
24642258
24904858
24415417
24725107
23743125
23587344
23767275
24863998
25130749
23907226
24758208
24215686
24681628
24112147
24459236
23896805
23927466
24293837
24873598
24990018
24406547
24667228
24736438
23515385
24746948
23788404
25124749
24902878
23801696
25137399
24705126
23819206
23497514
24688287
23795355
25163788
24722188
23791535
25129158
24668427
23668295
25161679
24697288
24818949
25132499
24612117
24465476
24212378
24747947
23623375
24260508
24710817
23881715
25165939
24603608
24729897
24405947
23710585
24050036
24327676
24668758
23618024
25033008
24640377
24765048
28890079
23682095
24764398
25049778
24561707
23638475
24086405
24668038
24778308
24144356
23725165
23579105
24947768
24652227
24689098
24125697
24441446
24855828
23440244
25373130
24756558
26062411
24736188
26118621
24127787
25555910
23788795
24095806
26470342
26025222
25247059
25540769
23573665
24192356
23808654
23434154
24100986
23712744
23599665
24158427
23658715
23523905
24086786
23541884
23446774
24090586
23720335
23524124
24106845
23663035
23554954
24039436
23620204
23579585
24074976
23737085
23791786
24298776
24502788
23608414
24025476
23786605
24702787
25029269
24483507
24694148
25014007
24540118
23890475
23315244
23746535
24701227
25050668
24634277
24714449
25017379
24605667
24714629
23221234
24434437
24484847
24099326
24442066
24660808
26019941
25325829
23720965
24927138
24366466
23819935
23984876
24504467
24576047
24258797
24415406
23330624
25166919
25528220
24704307
25093609
24701018
24807458
25130929
23634655
23495154
25014469
26919424
24251806
24186686
25437809
24613628
25006849
24455616
24665438
25037418
24630627
24755048
24931978
25286669
24689859
24044216
24408496
24710317
24958708
25316820
24725698
24941288
25322999
24687728
24159066
25331050
24615537
24965429
25334830
24672597
24853088
25396919
23680374
23962585
25277599
24693367
24912299
25271659
24617877
24860128
25192299
23287463
24008896
25334809
24584348
24836078
25292359
24642967
24027396
23534424
23195543
23984476
24333907
24443627
23947456
24349436
24446336
24409947
23493584
24556367
24079596
24320747
24412037
23957716
24352527
24389006
23106343
23524154
24375636
23961166
24290107
24387767
24741498
24345456
24409217
23839535
24488747
26660393
34610995
42270835
50594158
58394639
33027841
23388394
23760955
24135214
23476574
23696614
24140656
24439046
22843333
23286424
24164846
23679795
24018995
24162416
23684625
24026455
24141716
23521864
24082906
24472207
23588514
24044026
24076876
23651465
26939924
23052363
22818962
25810330
24412107
23636105
23936355
25471229
25260219
25193688
23318084
23677055
23955306
24366516
23659834
24009696
24042206
23624504
25695710
23130183
24294476
23972255
25453660
23575335
23924735
24091756
25284209
23250363
24097626
23480543
23990745
24119676
23619764
24009846
24096576
24331746
23959695
24065246
24418307
24819438
24413177
24423257
24895228
24358556
23499754
23976816
24074836
24310146
24683367
23891745
24297836
24715488
23965115
23465853
24781367
24516467
24366197
24054875
24074206
24339686
24696758
23170693
23380674
24666697
24043936
24275336
24739897
24372797
24288946
24625887
23041063
24259316
23832634
24000526
24274606
23837035
25053528
24292756
23744055
23096363
24191096
23877355
23959815
24150836
23795925
23900785
24228886
23920935
24312416
24272086
24678138
24192726
24250436
23812365
23819245
23332464
23662194
23856445
24158236
24475057
24131966
24106547
23795045
23963875
23471324
23724175
23815884
24162416
23765405
23849025
25071468
25537400
24256806
23284174
24623428
24910858
24287066
24606927
25020578
24284216
24599617
23700654
24102766
23726324
23800085
24062796
24439897
23740074
24062116
24664447
23765445
24127596
24423257
23859135
24032546
24419556
23773394
24073605
23540694
23730995
24086886
24366286
23829885
24135686
23666634
24151616
24972558
23545094
23753355
24039215
29189080
23767793
24099955
23678635
23771704
24169566
24505276
24709917
24082976
23657224
24771967
24075645
24572497
24221026
23230993
24427446
23738925
24061045
24426837
23785725
24006136
23675934
23026413
24027745
23737755
23812485
23957084
24395996
23768785
24003845
24406417
23638254
24000366
24417736
23801885
23978336
24354137
23759404
23959214
23597224
23793135
23947366
24415177
23764165
23963905
24359227
23731545
23989876
23568294
23704045
23971904
24297706
23715195
23912365
24300626
23683875
23130763
24371967
24809107
23985035
24316066
23700364
23946834
24266316
24887668
23163933
24254786
23726495
23920244
24234886
23628984
23890045
24282786
23573845
23077173
29916752
24674547
23894044
24223456
23599314
23891094
24214036
23511074
23897184
24342146
24709297
23986395
24254925
24732837
23858365
24257046
25615240
33857112
43482688
55737702
65621538
30397773
23705455
24212646
24759768
24494698
25086679
24025686
25161478
24275277
24765407
24441936
26571573
25773230
26171853
25529689
25723810
26206672
25513499
24776798
25252808
25108118
25762050
26161412
25542980
25908511
25274838
24300416
24943638
26313490
26645803
26599212
26201540
26819723
24871468
26328922
26766734
24805687
26261051
26696622
25818340
26181101
26710853
25789620
26304652
