23767275
24863998
25130749
23907226
24758208
24215686
24681628
24112147
24459236
23896805
23927466
24293837
24873598
24990018
24406547
24667228
24736438
23515385
24746948
23788404
25124749
24902878
23801696
25137399
24705126
23819206
23497514
24688287
23795355
25163788
24722188
23791535
25129158
24668427
23668295
25161679
24697288
24818949
25132499
24612117
24465476
24212378
24747947
23623375
24260508
24710817
23881715
25165939
24603608
24729897
24405947
23710585
24050036
24327676
24668758
23618024
25033008
24640377
24765048
28890079
23682095
24764398
25049778
24561707
23638475
24086405
24668038
24778308
24144356
23725165
23579105
24947768
24652227
24689098
24125697
24441446
24855828
23440244
25373130
24756558
26062411
24736188
26118621
24127787
25555910
23788795
24095806
26470342
26025222
25247059
25540769
23573665
24192356
23808654
23434154
24100986
23712744
23599665
24158427
23658715
23523905
24086786
23541884
23446774
24090586
23720335
23524124
24106845
23663035
23554954
24039436
23620204
23579585
24074976
23737085
23791786
24298776
24502788
23608414
24025476
23786605
24702787
25029269
24483507
24694148
25014007
24540118
23890475
23315244
23746535
24701227
25050668
24634277
24714449
25017379
24605667
24714629
23221234
24434437
24484847
24099326
24442066
24660808
26019941
25325829
23720965
24927138
24366466
23819935
23984876
24504467
24576047
24258797
24415406
23330624
25166919
25528220
24704307
25093609
24701018
24807458
25130929
23634655
23495154
25014469
26919424
24251806
24186686
25437809
24613628
25006849
24455616
24665438
25037418
24630627
24755048
24931978
25286669
24689859
24044216
24408496
24710317
24958708
25316820
24725698
24941288
25322999
24687728
24159066
25331050
24615537
24965429
25334830
24672597
24853088
25396919
23680374
23962585
25277599
24693367
24912299
25271659
24617877
24860128
25192299
23287463
24008896
25334809
24584348
24836078
25292359
24642967
24027396
23534424
23195543
23984476
24333907
24443627
23947456
24349436
24446336
24409947
23493584
24556367
24079596
24320747
24412037
23957716
24352527
24389006
23106343
23524154
24375636
23961166
24290107
24387767
24741498
24345456
24409217
23839535
24488747
26660393
34610995
42270835
50594158
58394639
33027841
23388394
23760955
24135214
23476574
23696614
24140656
24439046
22843333
23286424
24164846
23679795
24018995
24162416
23684625
24026455
24141716
23521864
24082906
24472207
23588514
24044026
24076876
23651465
26939924
23052363
22818962
25810330
24412107
23636105
23936355
25471229
25260219
25193688
23318084
23677055
23955306
24366516
23659834
24009696
24042206
23624504
25695710
23130183
24294476
23972255
25453660
23575335
23924735
24091756
25284209
23250363
24097626
23480543
23990745
24119676
23619764
24009846
24096576
24331746
23959695
24065246
24418307
24819438
24413177
24423257
24895228
24358556
23499754
23976816
24074836
24310146
24683367
23891745
24297836
24715488
23965115
23465853
24781367
24516467
24366197
24054875
24074206
24339686
24696758
23170693
23380674
24666697
24043936
24275336
24739897
24372797
24288946
24625887
23041063
24259316
23832634
24000526
24274606
23837035
25053528
24292756
23744055
23096363
24191096
23877355
23959815
24150836
23795925
23900785
24228886
23920935
24312416
24272086
24678138
24192726
24250436
23812365
23819245
23332464
23662194
23856445
24158236
24475057
24131966
24106547
23795045
23963875
23471324
23724175
23815884
24162416
23765405
23849025
25071468
25537400
24256806
23284174
24623428
24910858
24287066
24606927
25020578
24284216
24599617
23700654
24102766
23726324
23800085
24062796
24439897
23740074
24062116
24664447
23765445
24127596
24423257
23859135
24032546
24419556
23773394
24073605
23540694
23730995
24086886
24366286
23829885
24135686
23666634
24151616
24972558
23545094
23753355
24039215
29189080
23767793
24099955
23678635
23771704
24169566
24505276
24709917
24082976
23657224
24771967
24075645
24572497
24221026
23230993
24427446
23738925
24061045
24426837
23785725
24006136
23675934
23026413
24027745
23737755
23812485
23957084
24395996
23768785
24003845
24406417
23638254
24000366
24417736
23801885
23978336
24354137
23759404
23959214
23597224
23793135
23947366
24415177
23764165
23963905
24359227
23731545
23989876
23568294
23704045
23971904
24297706
23715195
23912365
24300626
23683875
23130763
24371967
24809107
23985035
24316066
23700364
23946834
24266316
24887668
23163933
24254786
23726495
23920244
24234886
23628984
23890045
24282786
23573845
23077173
29916752
24674547
23894044
24223456
23599314
23891094
24214036
23511074
23897184
24342146
24709297
23986395
24254925
24732837
23858365
24257046
25615240
33857112
43482688
55737702
65621538
30397773
23705455
24212646
24759768
24494698
25086679
24025686
25161478
24275277
24765407
24441936
26571573
25773230
26171853
25529689
25723810
26206672
25513499
24776798
25252808
25108118
25762050
26161412
25542980
25908511
25274838
24300416
24943638
26313490
26645803
26599212
26201540
26819723
24871468