4146801
3669321
684202
871323
975812
910092
415981
934633
1341943
1272853
324521
428531
382321
827472
438181
465781
435711
517222
485181
684442
312841
603731
756832
502631
519202
338431
568682
338511
394841
310020
416941
242971
706962
347951
902812
586901
415742
259741
570812
544942
704632
313811
280971
1200063
280270
539751
536102
888333
988903
1012493
538482
927953
771131
535861
650612
847402
639052
920013
1349423
630242
404021
743382
554052
585341
846302
629322
550922
642142
899383
687811
741422
273861
461221
1232274
559362
684032
1045233
897272
630512
367761
406081
881903
238581
820872
749382
531241
523301
293751
254880
958393
826293
240610
788232
781632
267391
604182
262541
702942
256130
244630
241520
289021
273851
320601
259781
248591
276481
282921
271271
295041
348621
323331
320310
307410
272041
309021
315351
270391
265150
319041
199170
199001
280951
297441
529071
555332
358571
418501
394121
303501
397581
359451
406081
404761
382721
338841
567142
426061
277771
688172
517941
513062
498721
567252
623622
589231
585252
537572
266821
266871
219550
307871
274921
276931
270080
228260
257870
277921
269331
266620
299861
242541
281621
279241
449561
265701
262860
284421
306481
306801
304261
298951
277561
293710
221630
298651
284041
297360
301471
285051
535592
275081
358891
469352
415841
561462
416901
423411
704422
401952
281461
255270
304921
309801
220450
332281
289231
290991
473932
309111
297481
381711
312991
383601
366041
308191
527471
701562
233950
485021
487331
429771
489912
311801
312511
275651
484361
380001
321711
340401
308041
581092
531812
377601
515061
414021
278311
406181
306281
329241
311181
309001
550502
390851
394131
420181
578912
407741
403411
314671
578402
476271
266801
294880
312921
400301
422511
394571
346761
548712
513741
272551
405882
368651
684532
403801
319691
400521
584062
522732
688822
292311
291891
301461
273991
466292
406801
331581
284290
594512
435341
356211
196620
299891
219651
1388643
736572
291671
455612
368942
478191
470292
564432
378461
386561
398851
281720
241780
223421
272541
244130
307261
301551
260521
398341
395802
335841
360381
283061
820912
503551
346951
322861
320811
349741
328081
326221
538301
533541
358431
533812
303271
448401
333031
350821
335821
347151
333321
296020
315631
370651
366491
508862
377621
348371
353141
371620
294071
354130
324451
380451
286341
246480
347481
284910
233001
268230
364241
373501
425411
285641
277741
372741
323651
295740
297850
536911
309651
323051
286131
377071
248011
268121
381331
363171
322911
345230
359711
339881
337651
381311
456552
272290
349741
296951
270261
414591
567272
279101
232521
283751
382091
278061
271330
314040
295121
646192
421171
331801
831042
596602
305601
336391
349881
266680
355761
482531
336281
299311
313170
342561
407201
299441
260711
230150
248120
244191
241021
279381
354221
352491
518071
450631
459071
339041
459911
349810
304871
356471
378141
778312
289421
354211
289861
380121
343661
291331
354491
370621
423132
455991
342511
316371
370041
332851
277091
420931
374661
441721
340320
334111
369221
346951
320301
274861
288191
283581
240160
370251
361471
417561
381021
379631
490001
537102
427961
297561
364631
378421
415511
583232
577492
549651
328611
378871
319391
373181
379941
332321
515592
524882
292171
363941
282891
312781
565641
485201
346781
337881
563872
698982
320451
509741
301641
440902
316441
333321
349231
335711
504801
515581
495101
330341
336941
482471
315641
516612
486551
532082
337831
509562
687842
450611
370891
529451
519811
264781
352400
517261
431031
431051
351101
464841
311991
440811
423841
533421
306361
241751
396901
435391
397221
538161
362711
857343
535362
331431
275811
274290
290681
332521
263441
268321
270981
201391
477411
276981
414621
348471
370361
446351
269131
254591
199601
248921
270871
225010
214891
401851
239821
425391
591152
500561
271880
924892
321351
237361
224211
215600
247150
224310
247001
328800
276921
396942
223801
265041
218550
258201
268381
272891
216290
263221
259570
270171
226550
243240
227071
227011
242471
268470
268970
256550
283191
202691
228951
211970
279691
203231
296651
366491
231921
258141
224351
226011
233441
224750
288841
643242
198111
242701
247961
231631
220121
237261
256410
417221
384211
407511
421821
614882
409561
405561
403621
707362
739462
475512
877783
241201
203911
291671
276931
293731
256900
216271
236181
290821
246921
225230
234271
254301
236690
315970
297270
373931
411641
350181
313471
272100
319751
259771
257341
314990
275281
291711
318161
306581
302351
316751
500051
257930
286581
283531
365221
337581
598351
563961
388761
273641
312071
296951
449151
372201
441792
377601
555671
490732
301260
251751
263291
288571
284511
254520
333341
273151
383601
327251
362171
282231
380982
267691
323091
362501
468432
266461
323550
288621
262090
259830
233380
273261
340311
286001
255661
294701
278830
239921
307801
249421
259581
450541
248581
281801
307701
290401
317221
332951
307221
499611
361791
485302
481601
510711
265921
381701
391771
276590
365911
290451
289681
292531
290691
297611
278451
319481
279381
342191
246291
290621
267630
273340
292901
275211
249970
242480
343211
356981
286491
271810
348450
372201
312401
316391
444371
352831
342331
382041
368731
310201
338681
299660
475871
507381
276791
309361
363771
275981
372741
470122
287061
625672
353361
366501
399411
359681
278111
364281
348851
332091
411241
304831
315851
375541
353761
285941
312041
334921
343491
266101
331470
371371
362841
369251
476401
355681
451061
489462
491331
348971
384861
278960
365960
353401
370161
508941
270780
476062
537551
367661
460241
299901
282721
636042
298201
519092
401741
392831
267361
358381
298320
299471
467351
276270
268691
272181
271541
265550
288101
280001
401771
498492
556941
272440
433291
251140
361611
300451
447881
290191
301041
503351
326521
314711
405702
298131
255780
264011
272781
287031
292091
237030
299101
290641
264131
316071
243770
235210
298971
262781
396701
651401
553311
589682
655671
338841
581432
304831
854723
407002
449511
488242
506482
500541
409731
330570
307100
299701
363741
468122
