1721444763
4930728302
4941116780
4952052861
4962941580
4927111171
4875129069
4822447914
4769570748
4716790233
4663955798
4611876415
4559025239
4506271104
4453405009
4400676584
4349118402
4296334177
4243491711
4190667806
4138730154
4086009248
4033589644
3980803549
3928007654
3875972491
3823144416
3770348851
3717555065
3664495079
3612802777
3559981022
3507133037
3454327522
3402032388
3349435803
3296740019
3243959213
3191182888
3139259996
3086417090
3033722316
2981727133
2929745129
2878274808
2826307665
2774397923
2722309090
2671109269
2618894695
2566782352
2514645909
2462511925
2411726135
2359580552
2307416179
2255266496
2202754092
2149838306
2097050231
2044256446
1991460661
1938919947
1886052251
1832788865
1780567751
1727800726
1675190532
1622411357
1569671761
1516872457
1464134682
1411602088
1358883103
1306082338
1253383403
1202788223
1150188169
1097506905
1044934900
992047364
939690301
887364008
834724033
782357419
729856405
677582951
624841546
572138951
519375397
466655462
414074057
361662393
309027739
256216544
209695966
156984161
104209656
51420901
24023916
24629158
24260566
24193087
23946826
23018634
23420155
23944666
24212957
24197287
23918836
24259707
24200766
24609927
23097023
23458045
23920296
24263716
26467563
23877015
24265196
24111247
22988254
23083823
24059246
24621357
24279307
24084336
23979006
24243037
24069726
23060523
24168576
24115667
23911185
24273367
24161097
24552467
24937899
23103364
23544265
24168716
24055176
24469907
24154206
23933756
24479687
24934209
23211474
24473508
24035176
24020586
24510548
24062326
24061296
23819795
22893823
23107923
23694576
24081126
23969677
24425197
23982646
23998878
23751386
22918403
23110773
24508217
24083757
24024897
23804766
24121336
24060906
23913996
22906542
23979825
23817955
24124107
24021705
24454887
24124766
24085926
23700725
25170279
25999482
25737220
26113883
25904041
25673850
26078851
25280790
23716195
24098465
24033386
23778695
24204616
23973626
23793067
24153046
24054836
23638375
25008729
24732708
24549407
25003790
24762788
24386007
25084099
24019616
24618747
25019158
24860508
24631007
25010429
24825669
24402947
24012036
24193896
24428347
24938868
23991546
24377407
24086516
24002776
24368017
22928773
24031466
23684056
24035945
24012096
24394327
24032587
23947185
23456515
23952016
23970025
24353196
24027205
23985246
24384607
24621239
24053716
23549624
24021737
23984825
24336766
24721198
23988486
24318197
24698608
23089523
23448884
23967326
24008156
24345347
24019656
23901665
24307148
23964865
23943326
27220605
24805708
24688518
24553298
24649158
24669217
24460207
23866645
23890276
24524497
24723238
25279239
33561001
43952210
58999461
70105192
31999817
25093359
24483907
24724818
23955586
25203819
24799459
23695745
24516057
23919215
23766685
23540294
23945436
24183667
24418217
24031286
23121283
23531375
24668488
24946418
24456487
24765387
23784585
23629594
23794225
24902678
25173509
23947826
24798958
24256196
24721468
24152487
24486216
23926445
23969616
24334687
24915548
25033848
24448077
24707548
24777308
23540335
24771488
23840175
25175369
24954618
23851636
25187669
24746796
23846676
23522884
24712507
23818815
25186398
24744308
23815755
25150698
24689447
23693065
25185069
24718918
24840109
25153379
24633107
24486306
24233108
24768957
23647985
24283028
24732207
23902805
25187669
24626338
24750648
24427747
23735295
24074176
24347916
24688908
23638415
25053208
24655307
24782308
28913599
23704975
24784188
25070068
24584867
23661345
24108605
24687428
24795498
24163116
23743945
23601745
24970708
24668117
24704838
24141197
24456256
24885408
23465364
25391960
24776568
26085401
24755588
26138621
24147467
25575190
23814295
24118746
26490952
26045462
25267829
25561489
23596566
24213226
23835145
23461034
24135246
23736305
23631055
24193317
23695445
23556125
24119076
23568824
23492714
24159546
23756005
23558984
24140665
23697835
23589604
24074076
23643995
23616415
24103086
23771685
23827936
24337477
24538028
23675005
24050716
23811175
24735628
25064289
24518077
24737338
25050048
24570378
23927045
23340174
23790665
24739267
25100448
24671347
24763549
25067459
24655337
24746279
23244154
24471177
24520527
24134136
24472176
24699708
26058551
25378339
23747425
24964958
24403287
23861215
24019726
24547227
24621037
24295627
24443967
23357874
25209759
25567030
24762157
25150679
24762238
24864288
25163819
23659165
23548124
25050399
26954314
24286996
24220936
25500829
24671828
25036869
24484167
24706018
25081528
24671497
24791949
24970428
25323560
24726729
24071496
24439726
24747377
24996549
25353220
24764778
24977858
25350409
24717038
24190036
25370720
24655117
25002829
25372570
24720657
24890308
25434319
23707774
23990585
25314469
24729777
24949469
25299040
24656317
24897868
25221459
23321904
24062246
25393759
24642468
24894028
25349979
24701267
24089166
23562294
23242583
24028936
24393937
24485597
24004836
24408047
24503727
24433417
23520984
24600897
24117346
24356787
24456847
24006226
24399057
24434677
23129633
23565154
24423156
24010526
24339327
24428447
24783168
24387886
24450087
23867595
24549257
26699443
34634605
42290825
50616258
58412809
33049911
23422994
23828555
24202695
23544404
23730374
24211406
24506776
22868593
23312924
24232737
23749345
24088685
24233616
23741695
24096015
24207406
23552804
24134586
24519537
23631414
24118136
24123626
23700185
26989294
23077933
22846942
25881180
24483537
23702295
24008596
25544899
25323289
25251438
23345204
23710095
24017116
24439046
23720904
24081116
24111566
23696424
25724681
23157423
24347217
24031425
25514870
23637965
23984295
24151046
25343639
23277443
24144556
23541474
24030316
24156126
23657194
24047496
24134766
24359026
23986025
24114926
24466737
24868538
24463377
24450267
24945078
24408766
23525354
24021446
24115746
24348027
24734078
23928925
24347317
24759458
23987755
23495534
24832067
24567547
24386797
24114225
24123176
24391756
24746248
23196384
23421074
24716667
24092716
24325246
24790398
24430607
24337046
24656167
23073253
24300886
23871075
24040536
24314626
23875215
25091898
24331386
23772045
23122953
24220946
23896425
23981625
24179796
23825675
23930675
24248916
23944285
24333676
24303636
24709578
24222446
24280176
23841895
23848975
23352524
23681634
23886815
24187976
24504347
24155506
24138427
23828035
23989225
23494774
23748385
23847074
24195446
23799165
23883085
25104108
25570700
24286676
23309604
24658448
24945908
24309976
24642247
25057118
24319446
24621887
23727184
24126566
23760295
23822545
24096016
24473387
23775475
24095416
24689137
23791905
24148806
24456997
23892745
24067776
24454317
23806634
24106995
23566484
23766475
24120896
24399557
23864685
24171176
23699884
24174876
24996728
23569554
23790335
24075076
29233940
23803033
24134595
23699365
23792504
24195126
24529706
24738238
24108456
23680464
24795307
24097865
24599297
24243046
23252383
24447437
23756445
24080005
24445157
23806695
24026046
23692794
23055713
24050845
23757765
23851425
23977724
24418646
23789325
24044306
24429207
23661334
24042446
24457516
23824245
24018016
24374287
23801614
23979204
23622964
23816215
23968736
24438407
23804645
23984655
24379757
23752135
24013636
23599684
23726855
23991134
24317996
23737335
23932495
24340206
23702635
23153263
24401247
24828967
24026835
24356066
23720844
23986635
24307486
24909558
23189843
24277226
23746415
23939444
24274536
23646394
23906125
24298696
23591805
23094723
29940312
24690927
23909755
24240916
23616514
23907025
24231046
23530354
23915264
24358336
24725387
24003815
24271825
24748247
23875405
24273357
25636070
33874192
43498398
55762512
65638828
30412873
23725735
24234976
24779638
24516588
25105899
24043506
25178128
24293777
24780797
24467256
26589233
25789480
26187973
25545639
25739540
26222142
25534269
24796538
25273239
25125028
25779720
26178162
25559230
25929201
25294478
24321076
24969428
26337090
26665833
26619522
26222010
26839603
24894758
26352182
26792424
24833307
26286441
26722032
25843520
26205051
26736093
25813100
26329432
