1721168232
4930619982
4941062910
4951988461
4962851930
4927047141
4875065149
4822384074
4769509478
4716724163
4663892498
4611809125
4558963729
4506215554
4453352469
4400627144
4349058732
4296278307
4243437961
4190613526
4138675394
4085941338
4033530674
3980748889
3927953764
3875916781
3823090206
3770264101
3717495465
3664439429
3612729137
3559921512
3507072567
3454268492
3401973108
3349381273
3296677559
3243898343
3191109868
3139198696
3086358060
3033650715
2981661902
2929672889
2878204888
2826236025
2774331882
2722247700
2671052239
2618844045
2566727262
2514586049
2462459915
2411670795
2359527822
2307362339
2255211836
2202674451
2149781165
2096995881
2044203826
1991407621
1938863987
1886000951
1832732615
1780515061
1727750896
1675138172
1622361307
1569618561
1516820766
1464082682
1411542997
1358833343
1306030608
1253330873
1202722963
1150113059
1097438485
1044866710
991972474
939626921
887295198
834656892
782291429
729787574
677514731
624780456
572080831
519317547
466596792
414016887
361606703
308970258
256159834
209637566
156926371
104153516
51374561
23975436
24580988
24212196
24145327
23895626
22963104
23357684
23891906
24161257
24143496
23865976
24205916
24127706
24548507
23023253
23399185
23851636
24206496
26397753
23807545
24191736
24036366
22925234
23017333
24003685
24565407
24224467
24030496
23921166
24189187
24017686
22986143
24112596
24059906
23858485
24212267
24098787
24495507
24879678
23034394
23489515
24121075
24007506
24427597
24112576
23893936
24440617
24889569
23156354
24427117
23991526
23970515
24464617
24017096
24011926
23765245
22847242
23059843
23645985
24038566
23927097
24380807
23938706
23946788
23707356
22843113
23040843
24448437
24026477
23966186
23748196
24062486
23997186
23836025
22823612
23913295
23756155
24060386
23953595
24391127
24052086
24021856
23624475
25098199
25940412
25664230
26031342
25840711
25601220
26011461
25189010
23616425
24030015
23964396
23717245
24142276
23913305
23731976
24092816
23978246
23568435
24939319
24668968
24472147
24939740
24698727
24321907
25012818
23943246
24548837
24957788
24796248
24562037
24950389
24734378
24335707
23932366
24095806
24330497
24847138
23927326
24306957
24020365
23935786
24295517
22844642
23945875
23616886
23969735
23937776
24322907
23966677
23883115
23381974
23872106
23892835
24282746
23954745
23910956
24319317
24556059
23988796
23471454
23957927
23909565
24267766
24661348
23925516
24253586
24634258
23022393
23379204
23906355
23946636
24281687
23964916
23834035
24247308
23908495
23870266
27143535
24744138
24623018
24490558
24590828
24609367
24399977
23795195
23818116
24464716
24661228
25207879
33500411
43898470
58931141
70029542
31907387
24993708
24385717
24657788
23843026
25108249
24698618
23606295
24402087
23819095
23669295
23442134
23848025
24088446
24323967
23955295
23038873
23437925
24602188
24815047
24338787
24648147
23657125
23504134
23718695
24815828
25051108
23829796
24679048
24132016
24624737
24035767
24408736
23834415
23837596
24212986
24798078
24914208
24329747
24590658
24660288
23466465
24704388
23748934
25074539
24853168
23744786
25087699
24656516
23770705
23453944
24638507
23747885
25105667
24674468
23739525
25074038
24620727
23626075
25116388
24658177
24769748
25084949
24562597
24417726
24165318
24708547
23575555
24214508
24670637
23842835
25125039
24563748
24691607
24366487
23657734
24002586
24287966
24629138
23576774
24987628
24606417
24718198
24121816
23636945
24728488
25015308
24515857
23593454
24041655
24627078
24743558
24106106
23685925
23545225
24915098
24620087
24651358
24092637
24410226
24804938
23394714
25338160
24711148
26019191
24704168
26074231
24084016
25513110
23745755
24056126
26426862
25982602
25202309
25497819
23530025
24144566
23768464
23383634
24040006
23667014
23542594
24078696
23598975
23450265
24030306
23491074
23383174
24030266
23642285
23439874
24026815
23584715
23491594
23960816
23574804
23515095
24030306
23656445
23715966
24223236
24425568
23517194
23980675
23741665
24629617
24949538
24405467
24615377
24936937
24482128
23810865
23267894
23665244
24624167
24967598
24550867
24633768
24937288
24524297
24666719
23176613
24358296
24420687
24021055
24396246
24578678
25942641
25244749
23668485
24859057
24290326
23741334
23920765
24412547
24487767
24171406
24366156
23268664
25073348
25427869
24605387
24989998
24600118
24694497
25020098
23576845
23427304
24917119
26815424
24153866
24094526
25341789
24513547
24951669
24397316
24575398
24939848
24538147
24663988
24850398
25205799
24608489
23987736
24337876
24627016
24867558
25230280
24633788
24852828
25256789
24631298
24102536
25234720
24530557
24883799
25248450
24605867
24769598
25304219
23624364
23903095
25193018
24611257
24824098
25210279
24540807
24783548
25145078
23221273
23922586
25241938
24493867
24744108
25201859
24552987
23936925
23464664
23114423
23920866
24258677
24355997
23867006
24260766
24362566
24348666
23436114
24458867
23976286
24231926
24319707
23860836
24258976
24296786
23052903
23425604
24284536
23861856
24197036
24289737
24648297
24247536
24308747
23776795
24389137
26306842
34560175
42230455
50549238
58358349
32981880
23308544
23677585
24052974
23393343
23627594
24057896
24356556
22803443
23229454
24081496
23597785
23936584
24077716
23601964
23944635
24049166
23464374
23994066
24388147
23525574
23955866
23981835
23557255
26851373
23005923
22769542
25724339
24323826
23543835
23850655
25386209
25182899
25083668
23263223
23603944
23861675
24277986
23573974
23923746
23978256
23540414
25649450
23081823
24211066
23887635
25369629
23493045
23842255
24010046
25200578
23202723
24046476
23398123
23905375
24037206
23536614
23944606
24033916
24283946
23914945
23981446
24336557
24737818
24332917
24370527
24813098
24278516
23451984
23884666
23997216
24230146
24602617
23811315
24215336
24623097
23921705
23409523
24697467
24420837
24320996
23971295
23990966
24257116
24612478
23127063
23314054
24583516
23960515
24192346
24656687
24288197
24207036
24588467
22997723
24193685
23763554
23931166
24206016
23769285
24985578
24226116
23696954
23045603
24147986
23831455
23920155
24106426
23754925
23858205
24192306
23873965
24267116
24231116
24633898
24153506
24211146
23772394
23777035
23296534
23624584
23821955
24124226
24441337
24095206
24071526
23756215
23925855
23430814
23689335
23781604
24116976
23719355
23801095
25026458
25492120
24216326
23243144
24575628
24866908
24242706
24557357
24969648
24238316
24554417
23662274
24058626
23685954
23757865
24022726
24400336
23700354
24022505
24629857
23726375
24082666
24379996
23817755
23991346
24378316
23732504
24032765
23503534
23697585
24043306
24324616
23786865
24084556
23624794
24101896
24934648
23507604
23702185
23993505
24347487
23720733
24053995
23629305
23719604
24123836
24458246
24657367
24028816
23605644
24716126
24022255
24510377
24171746
23183693
24383816
23702125
24010555
24382977
23735025
23962036
23631864
22976793
23971315
23683355
23764325
23900994
24338916
23713685
23946225
24358947
23588194
23935906
24354946
23739575
23920815
24298306
23698884
23901184
23521784
23743195
23891315
24353227
23706015
23909425
24297687
23675785
23937836
23510494
23651825
23923824
24252906
23668675
23868175
24252006
23638015
23080693
24309797
24756717
23931605
24267766
23652204
23897484
24215306
24828477
23107063
24204946
23677985
23873184
24186685
23585104
23847144
24242386
23529074
23028182
25089979
24633557
23853444
24180925
23557864
23847544
24175496
23464704
23848864
24300066
24664377
23942445
24208755
24687277
23814675
24210726
25567320
33810422
43443798
54929489
65587218
30367423
23665185
24166985
24720778
24444338
25046699
23987036
25125998
24243077
24733237
24398206
26530412
25737970
26137442
25495379
25690080
26169722
25464959
24733528
25206588
25071008
25722680
26122021
25505120
25862481
25231358
24252826
24894688
26265850
26599213
26556762
26160710
26774693
24816868
26285112
26715443
24753397
26214991
26649682
25778610
26140791
26664412
25748080
26262492
