1720918381
4930545352
4941006530
4951937421
4962791510
4926990561
4875011398
4822327594
4769451888
4716654673
4663825798
4611739345
4558892669
4506142494
4453286009
4400562643
4348992212
4296214127
4243373641
4190547446
4138607974
4085871228
4033460764
3980683859
3927890404
3875850640
3823024845
3770195300
3717426985
3664369389
3612659067
3559850312
3507008316
3454204881
3401904728
3349315333
3296612319
3243829933
3191040788
3139127865
3086288029
3033594205
2981600382
2929613139
2878141618
2826176315
2774275422
2722195269
2670997379
2618792235
2566673652
2514533118
2462407945
2411621705
2359475442
2307309639
2255159976
2202605021
2149717905
2096932420
2044140555
1991344431
1938799896
1885938030
1832670425
1780457601
1727693916
1675079692
1622302377
1569551801
1516762646
1464024751
1411483277
1358775012
1305972458
1253267313
1202662713
1150052519
1097379555
1044807160
991907414
939554071
887222667
834591052
782220808
729716534
677445991
624720266
572019710
519258447
466531352
413953896
361545193
308910488
256100323
209574026
156865971
104095776
51314281
23914925
24520258
24151926
24084757
23829205
22885874
23287234
23820806
24097326
24075036
23801835
24141066
24063586
24480597
22950933
23333335
23787836
24141466
26331353
23738725
24127406
23971486
22856103
22957373
23938035
24501436
24160296
23966025
23856026
24124547
23971806
22917423
24059586
24007396
23793245
24147326
24037257
24434537
24819248
22962273
23436815
24047975
23947376
24378627
24065496
23848346
24393716
24840568
23101354
24378327
23940076
23921095
24416647
23969995
23963546
23715715
22800092
23009413
23599975
23990536
23879637
24332617
23891746
23893847
23659316
22768393
22972553
24386716
23966347
23905526
23683155
24001116
23928126
23766645
22748402
23843125
23686765
23995876
23883655
24329037
23979396
23953976
23531125
25027159
25871492
25580820
25949842
25765461
25520080
25934101
25098820
23521085
23952675
23888555
23639615
24072886
23845305
23654816
24015256
23890526
23492324
24856278
24592428
24375287
24852319
24618377
24244877
24933198
23856306
24469237
24879968
24715648
24475347
24887789
24653978
24259947
23826516
24010146
24253497
24770157
23854345
24236407
23947285
23862206
24236187
22777602
23882215
23546476
23898285
23864786
24237686
23894997
23814855
23308964
23789145
23815165
24211816
23877265
23808216
24248177
24493848
23898426
23374984
23880036
23825245
24199066
24584117
23852146
24181186
24546357
22938153
23294404
23830165
23861486
24198406
23896486
23759835
24167667
23835345
23774375
27058544
24663838
24544718
24406997
24507528
24531727
24318167
23713945
23725776
24379366
24576948
25114169
33427201
43825760
58854701
69942802
31793487
24876128
24262036
24571858
23727176
25001238
24580838
23538535
24339737
23750765
23603035
23375924
23781845
24024206
24267407
23882285
22974803
23382714
24543097
24749297
24274287
24583147
23581735
23434394
23652905
24756468
24979708
23764055
24613248
24063296
24557507
23970257
24336706
23756715
23766925
24143986
24729308
24844728
24261417
24521978
24592148
23373955
24647418
23695564
25008959
24798818
23679035
25016259
24595236
23713455
23390134
24571917
23682605
25039547
24610098
23674245
25018328
24567747
23550905
25048648
24606007
24706238
25015919
24500337
24355256
24103188
24653757
23514015
24149078
24607537
23777875
25072009
24500048
24623807
24304867
23592694
23933126
24223486
24567048
23511514
24922818
24540496
24657008
24042976
23562605
24659468
24946257
24456277
23534134
23983795
24563297
24678058
24031526
23616384
23482035
24854598
24561187
24591408
24030207
24351506
24735747
23317644
25274390
24648167
25937081
24639808
26010961
24023906
25455090
23664564
23985516
26365362
25923172
25139529
25437419
23465685
24081126
23686844
23307134
23938705
23598244
23430174
23979816
23499575
23349794
23931616
23417294
23297584
23928216
23546445
23344804
23932195
23488954
23386104
23866916
23509504
23422815
23953835
23558935
23621556
24127556
24326307
23432534
23904575
23674195
24557547
24852388
24309127
24519687
24841297
24420608
23714385
23202194
23581464
24529376
24867238
24449597
24533178
24836998
24422727
24602138
23113313
24281766
24323317
23922535
24332786
24471928
25839281
25145388
23578115
24772387
24218316
23635694
23821755
24301136
24382137
24080826
24300786
23203513
24950218
25347899
24489456
24870428
24483417
24573377
24905098
23505255
23335434
24798638
26707863
24047615
23993105
25224329
24393717
24864098
24306746
24491617
24844957
24450797
24579718
24772898
25129649
24532748
23898676
24262886
24546086
24782298
25149879
24549548
24774407
25177749
24549188
24005805
25150110
24448017
24811139
25171499
24529357
24696658
25229748
23536184
23826615
25120468
24535447
24744098
25143769
24470977
24717047
25076998
23130253
23850635
25165448
24418407
24663978
25122718
24473347
23857975
23381154
23021683
23854985
24187316
24281937
23798415
24181306
24287576
23844355
23361454
24343496
23860496
24127016
24209436
23750876
24148106
24184096
22991123
23319783
24173495
23742095
24081236
24175246
24526547
24131195
24182976
23695125
24268917
26190582
34492295
42168685
50470197
58299039
32922630
23226944
23567155
23948084
23283163
23545114
23948495
24251236
22744522
23124593
23976966
23492765
23830804
23972515
23497134
23840035
23940855
23389284
23886255
24280797
23443044
23846866
23872215
23446264
26740573
22938962
22700862
25618339
24218446
23433785
23744235
25281239
25074199
24973367
23187383
23527304
23766075
24167646
23463304
23813375
23873966
23435074
25586820
23016013
24106476
23782105
25281949
23409155
23762235
23924006
25116808
23137843
23972816
23309413
23799655
23932386
23430913
23837545
23928226
24220856
23844304
23884096
24237357
24637427
24232276
24306886
24713187
24178456
23387223
23795525
23891905
24130116
24502327
23731604
24116046
24517627
23858195
23330563
24594857
24314646
24263656
23865275
23889815
24155055
24512318
23067133
23227434
24479856
23859415
24091156
24555147
24186296
24103906
24514557
22930722
24130145
23703804
23871715
24148036
23710055
24927908
24168116
23619774
22974113
24048705
23730465
23822184
24006976
23657675
23761205
24126786
23780445
24171046
24136236
24537167
24060986
24118955
23676374
23681465
23233423
23553974
23771225
24061136
24378277
24032536
24009516
23691745
23841655
23365984
23638545
23721884
24058446
23660345
23741664
24967917
25433560
24148016
23184384
24514147
24808688
24184166
24494867
24906558
24179236
24495707
23603414
24008326
23639614
23711365
23976396
24355796
23655274
23978405
24578117
23666105
24031096
24330366
23768824
23944136
24331306
23685584
23988845
23445083
23647915
23992795
24275106
23735225
24035955
23578344
24041355
24878078
23454034
23649855
23937655
24291806
23671073
24002595
23576615
23663274
24056625
24398686
24601527
23971476
23552234
24659576
23967985
24443277
24105335
23113893
24323226
23648445
23938005
24312367
23668355
23893886
23554834
22912552
23897495
23604825
23690785
23830344
24266156
23643435
23883105
24291997
23517814
23856825
24276926
23671675
23846715
24224276
23624824
23822144
23448974
23675675
23821755
24279037
23633885
23841825
24237376
23604385
23875126
23440544
23589835
23864523
24186916
23602004
23802285
24180776
23566474
23014713
24229676
24684367
23857135
24193846
23578194
23824364
24143585
24757237
23040133
24147415
23606785
23804364
24113225
23520723
23775684
24172985
23460764
22959202
25019398
24564887
23785354
24111135
23499854
23776594
24101346
23388684
23778484
24227506
24586857
23868465
24141635
24620257
23752075
24143386
25492890
33758041
43391828
54846129
65528268
30314962
23606795
24097655
24664267
24375787
24982038
23910246
25057277
24179627
24668387
24315976
26459142
25672950
26071242
25430569
25626190
26101522
25380689
24657687
25127178
25005598
25652290
26052331
25436750
25781970
25149258
24170686
24810658
26195600
26528662
26488172
26096270
26704703
24746738
26215312
26629263
24671217
26140551
26580001
25710520
26075811
26596932
25683990
26195982
